1803 6377 5735 1
4233 8569 7632 1
0298 8546 5223 1
9354 8045 6540 1
4558 4158 711
9337 3644 3054 15
6373 5631 59
8637 6912 46
6575 5744 4216 1
2586 2181 7879 129
4739 5758 8610 125
2560 5554 1167 1
8167 2820 9786
8751 8473 5182 1
7754 8052 128
2162 1452 4445 1
2356 1637 8184 187
2094 8187 8929 14
4686 5543 8127 1486
5641 0368 5472 17
6437 9870 6662 1
6643 7247 8470 18
3748 7526 1707 104
7825 5244 3476
6525 6543 1658 143
6265 2459 6275 1
4371 5300 8424 173
0086 3227 1624
2435 1431 8738
6324 8762 7708 16
7616 8591 6113 12
1671 8529 7060
2808 1399 5167 1
1624 9648 6623 16
1681 3271 827
6487 4621 246
1581 5457 9603
1386 3514 0463 11
7923 9725 7864 1
8834 7541 9686 1
8182 6248 775
4821 2841 8502 165
3337 7318 2934
7221 7099 0719 1
6377 1013 5322 1
5644 5482 3231
8289 2735 7235 163
1171 1035 8736 1
7354 5145 8206 14
3262 3641 9333 1
2386 1465 353
8762 1364 1878
1059 5142 6171
7763 8290 1259 1921
8677 2722 3257
9891 0009 59
8491 5877 3404 16
5858 8668 2661 132
2247 1177 1456 1517
8725 8754 6145 135
6426 2232 8266 1
8982 8501 5458
6578 7892 0657 11
0543 2477 35
5626 9265 9855
1253 5628 5126
3182 5651 7202 1
7391 2301 3368 1
4572 6830 4498 1
3378 9761 6357 1
0228 8643 348
7335 0128 7448 1
5427 0513 793
4662 4054 876
8590 5764 0155 1
8357 8261 6784
6523 6747 1231 1
6761 5640 6919
5414 7537 6019 1402
6636 1183 5281 1
3469 8354 9764 1
6066 6262 5164
3587 1868 6964 175
9853 8356 825
8488 3382 6681
0103 0487 4818 1365
3135 4241 4631 1
6353 4778 2129 175
1994 0542 4168
8227 7251 7111 1
5766 1828 248
0839 3251 7719 178
1588 3876 9157
1413 8656 5765
2526 2059 0049
2576 6454 1299 147
8164 4162 012
5151 4117 5164 16
3428 1794 4865
7622 2224 6613
8602 2376 1126 14
1560 3562 5842 123
2239 5987 5645 1444
2215 1815 555
0575 0346 8118 12
9736 1003 14
5445 3128 203
6927 5746 4423 1
7178 5149 0498 1232
3957 3081 2679 161
7286 5669 6864 15
7261 9258 2594 1
8394 1357 6630 1
5522 4657 0599 18
6282 4578 248
5740 3188 63
1586 4783 956
9734 4784 1010 111
4700 7888 8581 1
1707 2141 7576 1
2135 2174 754
5328 6027 1938 117
8778 7182 6224 17
1043 4043 164
0454 5632 772
2173 8493 1121 168
2777 3489 13
5116 1824 872
1097 1417 3100
4865 0179 4872 1854
7782 4287 4584 1
2676 6176 6432
5924 4552 862
7668 4834 8443
4654 7970 4325
8470 0844 7563 1
8127 5386 2293 1
8747 1333 711
3534 3963 1873 1
9818 2448 3060
0233 8084 876
5206 8083 9366 1630
4387 8820 523
2151 4568 6573 1
6663 1646 5443 18
7129 2419 3270 1
0827 2595 6884 1180
5686 2779 4543 10
0569 9151 8556 1187
0711 6827 26
6459 1913 4325 1
5643 0612 5836 15
7563 5412 8868 1773
2595 7311 35
2694 3753 5887 1
4973 8997 9017 157
9666 4611 6770 1819
7345 3788 5969
4005 8841 8141 1
1784 1871 7541 1
7654 7686 4366 17
9926 6143 2829 1
7412 3458 5987
4485 5900 6386
3877 4244 7378 1
3652 0843 9545 1
7079 2715 3705
2290 3457 8070 1324
5568 4892 5443 1
4471 0268 1597 119
2958 9163 6677 1
7188 4126 26
6538 1881 8420 1
3649 1868 2386 1
8151 4457 7639 1
4184 7995 8069 1
6869 6579 6626 12
4454 1960 8049 1
3362 2516 4645
8221 8100 158
6162 7232 504
2841 0153 165
9564 1785 9266 1
8643 3429 277
6587 9832 9755 131
0706 3217 737
4542 7405 5882 1
6663 8831 4963 16
5255 7665 64
1537 1968 21
1786 8608 283
8345 3890 3512 1
4497 8103 7538 18
7618 8976 2161 1
7121 3169 5629
2483 9197 3811 14
8485 2263 0490 11
1251 2475 3579 13
4488 1305 0850 1
2629 9186 786
7433 7750 8645 16
5802 6164 2771 11
3485 3572 51
5213 3389 7516
1437 9526 5087 1
6146 7831 2692 16
9954 4815 3128 1
7139 0437 1819 1762
1332 5284 6299 1847
0899 2735 9299 1
3682 5453 5758 151
1866 7407 2750 1
1651 6487 6882
7605 3844 0313 186
1539 7833 09
5797 2536 1937 158
4958 8457 172
8341 2113 6358 12
4852 2358 4684 1360
6848 8157 8560 141
6671 8108 381
4777 7037 1546 193
8323 4852 6126 191
4672 4930 1766
4137 5292 3578 13
8804 3564 5054 1
1291 6429 345
9862 3482 1873
4882 7756 310
7934 2867 2709 1
9755 3518 1432 1743
8578 5224 7546 1
1373 6567 4712 1
4657 8066 572
8389 7331 6756 1
8935 1478 7515 1262
8326 4396 5845
4438 5113 4866 1
4584 6368 3164 1518
6166 8343 4885 1
5822 3832 8058 1
9384 2170 5424
4581 3677 6646 1
3913 6414 4327 13
2784 2264 7715 1
8755 2715 2695 1
6179 3228 4808 1
2653 2877 7631
4322 8771 5142
2230 5346 815
5340 1263 2571 1
9687 5151 43
5618 1363 297
2328 6406 5474 1
2107 5326 6276 1
4491 0847 2724
5444 5418 4283 1
8183 8774 2541 16
2234 3553 6290 1
4881 9980 366
2264 1811 1438 145
1275 3304 1536
1872 3383 6277 17
2396 9517 7688 154
2775 3666 5612 17
9575 0658 2446 1
2730 7327 3477 12
7668 9428 8138
6832 1656 7756 1256
9689 1784 7451 11
5918 5554 139
8237 6642 2682 1
4886 6168 3705
9417 5811 681
7019 3839 5728 1
1881 9375 522
0715 5168 0842 155
3083 5799 462
1646 6980 6123 18
5812 2022 248
7435 1144 7224
8234 7187 1174 122
2679 2305 0546 1
2238 2376 6113 1
6867 0326 7316 177
4433 8870 7780 1
5445 2589 7934 1137
4267 8368 5205 1
1375 6032 8428 13
3496 0188 1037 17
7302 4115 8800 16
2259 8081 1588 17
7609 7617 1265 169
4080 6566 4467 157
7351 0636 1865 10
7386 6353 1013 178
1484 7232 915
3388 0430 1480 176
2554 7198 208
6175 6426 913
4754 4785 1533
0416 2237 5067
3411 2143 6218 13
5884 5218 6828 14
4416 5227 264
3116 3185 3137 11
8311 6596 79
4147 8934 51
5927 3413 4568
3510 8833 321
8071 7087 2217 1754
4427 9568 7903 18
7283 1374 7246 1
6593 4154 8145 122
3414 6889 438
0320 6372 8711 1
1064 4615 5598 17
6714 2193 3118 1836
5856 8257 5853 1242
6414 2848 571
8005 6620 4379
3361 6835 0347
8825 6282 4685 105
5714 6413 1065 1172
5033 2829 7847 138
3523 2588 7168 16
2428 9325 8387 10
3838 8606 2241 1
0326 8222 6769 10
8462 4841 6236 14
5323 4247 735
7923 9781 7494 196
3257 1352 412
0172 8366 5294 14
6268 7201 4513 184
2574 3889 6667 1410
1442 2152 7643 1
4728 7386 5403 1
7915 8713 6754 1
3347 2673 9445
2435 1830 653
7975 1264 153
8173 7330 037
6720 8557 717
9264 0822 6535
8258 5560 2657 1
6427 7664 3560 15
6362 4584 525
1312 0888 766
5462 9704 1829
0727 7145 4199 15
5974 7633 7145 1
7501 7163 3188 153
6696 1403 2413 1
6567 2452 8276 168
4766 1401 6199 163
4364 4441 1654 1584
6025 5825 3518 15
3783 4565 8760 109
7470 4888 7672 1
1716 4819 6434 16
9253 8111 865
4534 4756 8917
8831 2275 9864 1
9216 1566 8617 1657
5407 8758 075
4432 7722 4136 1
9836 7155 9526 1
1380 0606 8527 12
1835 2881 808
5801 7494 5511 13
7682 8777 6281 1
7288 6262 7107
4282 2755 6152 1
4483 3274 7463 1654
6934 1542 5524 1
6322 9052 2960 18
3256 4638 3252 1
5013 2382 9447 1
0152 6854 73
4920 6653 8846 1
4107 8687 9932
1854 3843 4413
5434 2286 221
8218 7456 0231 16
5441 7019 72
2957 5822 5291
4168 7535 1399
8639 1130 2067
9372 7243 3131 16
7465 8773 6236 1007
3255 9784 8060 14
7352 8188 7377 1
1846 8938 027
1887 0535 1357 1
0853 7122 7100 1847
2568 4028 3625 16
8865 2777 8198 1
8634 1042 5564 15
5195 1546 6405
0933 7277 8989 16
2842 1928 4837 18
1974 8675 6464 18
8315 6663 9513 156
5887 1830 8887 15
9385 3832 7703 15
7324 5547 5548 173
0740 0324 258
5071 1217 6029 1
4874 5714 084
3812 5235 46
8310 2632 3581 1382
7833 4477 4445 1
3859 1823 6732 188
4114 7596 4426 1
6500 3767 48
3178 1297 5125 178
1856 3613 6253
3711 7607 5386 1
1481 7323 6534
3440 8136 4442 113
6742 3334 7562 1127
2653 5836 17
3652 8585 4011 1
3867 3126 0447 19
8472 4623 3758 19
6876 9518 1635 1
7684 3662 033
2553 2477 6244
2629 5139 2852 13
5587 3187 4396 1
1658 8707 9782 1
2565 9545 9550 173
4510 2568 8363 1
6713 2514 35
6547 8817 79
6825 4312 3066 196
9185 6451 28
4162 2472 0851 1
1317 6170 9541 1
2861 2289 4828 18
7778 2228 0648 1
6066 5651 20
1189 0762 4826 1665
3224 3173 4121 1
2616 5421 44
7830 4835 2682 1
2664 5741 7188 1
4308 2564 8532
9889 6302 2395
6246 8031 8673 1
3484 8563 110
1405 8155 3526 16
7382 0262 5306
7387 3494 4444 10
8328 6233 8087
4251 2767 1850 1
8016 3363 0073 148
3791 2245 4658 169
0397 7748 7686 1
9112 1615 4298 14
8849 8099 2378 1678
7216 7635 5424 1
8169 1866 6494 1113
8297 6174 5154 12
9535 1586 1168 1
1829 6662 1373 193
6328 6679 1586 1
7326 2912 542
8700 2272 3413 1
5125 8512 80
0712 1258 2348 1
4886 9781 5511 1
5128 3270 6619 17
6994 4024 3273
2697 3083 8487 1365
3874 2274 5139 141
3572 6277 8855 1065
7702 8765 616
2034 8346 59
2313 4536 4584 114
3552 1640 6732 1913
7594 1586 0134
2592 7385 7380 1768
4574 8845 0079 1385
7310 4414 2737 1
8358 1176 7148 1
8682 6445 9317 150
4629 7179 12
3263 5711 674
3270 8275 1626 117
6792 2647 2078 14
4537 1512 4477
1682 4761 7412 1
1404 2832 8884 1
2516 6216 5472 1
8124 2150 4325 1
1671 5545 7614 1
4757 1564 8826 101
4040 5228 0518
2645 7553 3681 1
8918 6419 5802 1748
6223 7785 0156
5196 0540 172
8464 5632 3483 1
4951 7312 2623 1692
7153 7220 6444 1
2508 8352 6862 17
4454 3630 9638 1188
8716 9395 3273 1
8292 5551 7156 1403
9144 7171 7832 1641
7885 6346 2874 1
2237 7013 7072
5305 9346 5655
6553 3712 4792 1
1711 5057 3653 1
6836 8041 7398 143
1231 4628 556
9422 6412 9177 1
1321 9458 9768 1
1058 5305 332
6781 1597 6374 1
6687 6748 6488
1754 6253 3641 156
7487 7393 9719 1
1123 5252 9571 11
8230 9565 0021 1
5447 3453 1491 1
2768 4130 3482 174
7257 7713 8836 129
7360 7172 1212 1
2773 7561 8691 156
2266 1938 3833 111
4124 8025 6165 17
3151 8722 7655 1
7647 6649 765
8147 1253 7471 1276
2165 4282 8782 1
1422 1158 3752 18
5182 2355 8614 185
0182 1135 8762 177
7146 1378 7356 1
4037 2653 3155 114
6256 3436 4144 1
0522 1267 3216 1
3284 8763 4672 1
1388 6653 7481
0534 6995 5642
4552 1495 5111 15
7380 8455 3836
7943 8339 9567 132
5234 1372 9604 1
4140 7225 4207 11
6787 7837 2482
4725 6053 2627 15
8713 6350 8746
2296 2668 7325 124
4005 4477 756
5958 7756 1099 18
3659 3022 7496
6786 7023 52
0430 4497 83
2483 5110 682
3566 3443 4931
4675 4319 1654
2216 2731 2487 15
5733 1897 6459 1
2141 9001 6341 13
8742 2348 6914
6001 2468 634
8258 3357 9877 1
4971 8126 2221 137
5474 8624 48
6527 6107 9229 1
6484 1477 8614 13
4780 5260 81
2787 9428 75
8717 5714 8076 146
5855 2113 3628 1
2232 2356 9417 1
4183 7610 5638 1
5216 4062 5752 150
9447 3692 31
0951 6173 1381
2915 2874 2177 1
6651 1366 3138 141
4188 8328 1141
5393 5054 2402
3098 8874 6806
7178 0541 5962 1
5558 8362 5226
0512 5216 3504 1
6792 2612 1635 1
4111 2482 2272 17
6623 4105 6656
2675 1755 7275 12
1322 6620 695
9273 8634 4463 171
2715 5743 321
2845 1404 9615 186
3749 5246 113
2271 7232 4236 1
1668 3855 962
1557 3831 1129 1068
5717 8353 25
1017 4844 3792 14
1232 6208 6435 112
7822 4947 543
8377 5764 1862 1
3238 7510 1247 1
6884 5846 9742 161
6783 0032 9534 1
1179 1165 8573 1
3733 7132 4504
0057 4673 7517 1243
3557 8672 2921 166
3373 6587 8225 180
5946 7366 1017
4623 5283 2348 1
5386 2387 4555
4632 2468 8443 1853
1571 1991 46
7018 4367 28
2131 4289 5673 188
3131 7467 3030 158
6558 5562 9422
6464 7249 1768
3158 8823 2714 1
2112 4192 83
0785 6564 4846 1
4344 5237 6666
3772 5248 5772 1
2748 7802 9165 1
2970 5436 2858
3589 6618 9082 101
2908 7582 273
1655 5887 4672 155
7784 5074 9606 1187
0130 8733 0814 1
6153 3335 3011 1
9163 5226 7787 1
2442 0272 1310
7301 7352 6436 1
4524 4789 5249 16
4561 7138 2469 171
6661 5686 1048 112
8364 6655 638
7205 6077 8818
5968 0657 8431 192
2577 3953 3827 183
2448 5323 8239
8654 5576 7950 184
8444 1975 3385 1
8841 7927 22
2728 5828 1805 16
3870 6648 7840 1756
6846 1468 7308 1
5142 4785 5091 1
8267 6848 5414 1411
7165 5235 86
8669 2526 415
0461 6224 893
6578 1438 2254 1
6877 0983 5616 1
0193 1611 9862
5457 4841 5776 1
7440 8067 8213 159
6710 9033 8197 1
0665 6582 5129 1264
7405 0184 656
9313 3334 58
3147 7426 7089
8585 2779 7090
0843 5321 5363 1186
2728 4446 7228 13
3662 0163 4960 16
7944 4459 7732 127
6657 9825 3312 1
7278 1285 5852 1
2774 6841 152
7754 2429 7830
6972 6356 3303 117
7606 6655 871
8437 4669 4991 1809
2966 5256 1572 10
5046 1028 3285 150
3833 7683 6576 1278
2934 7317 2882
6185 5118 8762 16
4118 3169 7427 1
2138 6253 1958 1
0411 0124 22
3753 4336 7881 1
4826 5198 1142 1
8066 1100 4878 1
3831 7631 3832 137
0085 8383 8142 18
7458 7323 7204 1
1814 2735 9541
1377 1856 6113 16
3877 2720 6390 1
8320 4156 7007 1
5870 6746 3655 1
0514 5268 4945 179
8197 5260 4560 13
8914 1816 1065 1
3206 0442 271
7563 8711 1992 11
5744 7468 4051 135
3436 7386 8372
1385 7226 804
4792 2519 7575 1530
8465 5037 248
7467 0513 4973 1
5116 0923 525
6870 6062 1356
1075 3427 9783 1
3029 4585 0740
6372 7587 1666 1038
2597 1634 8408 159
1838 1346 1151 10
4231 2558 38
9486 8983 7819 16
1652 9688 877
0755 6695 105
7950 1515 2877 17
1371 1652 26
5144 6275 3339
4773 6257 3549 1
1754 2018 5117 138
8554 6838 3737 1
4335 3488 5145 1
6814 2976 88
7706 2836 6585 1
4294 5247 6235
8444 5177 7410 178
3213 1049 4414 1
5377 6053 4590 1185
4045 6856 4849 171
7705 6822 0481 1
3663 2549 6317 146
6455 5285 5223 15
6773 8633 86
3492 1624 8631
5737 7858 6342
4878 1196 4708 141
0324 8450 2761
7466 1898 2076 1
6716 1110 8917 1
3063 7426 8844 1
6417 5560 1843 1
4526 6553 9673 16
7268 7359 8151
4641 2242 7617 191
3685 2305 3224 1
5517 0287 9185
4449 0102 7285 193
3373 2729 8472 1
3756 5454 7828
2272 1174 0235
3872 0728 1683 11
7460 1145 8908 1
3749 6739 4714 18
6531 8241 7156 19
3795 5452 3376 1
4040 3447 237
4113 6098 827
4072 7924 46
1688 8663 4676 19
0073 8258 127
2535 2752 2044 131
5138 1252 7993 1
1621 2998 5174 1
6162 5213 6475 1
4647 6688 6218
6785 1485 5284
0816 8798 3944 154
6441 1829 5622 1
6238 0325 1944
3346 7747 8456 1
1541 1567 1162 1
6388 0187 7582 19
7770 1510 7673 121
8300 6871 7872
7336 6366 6319 17
2938 9245 389
8174 6853 1614 1
1855 9826 7663 1
6092 4852 0621
4880 5438 7656 12
6411 8842 9138 131
3363 5116 8705 1
3487 1650 3541
3423 7867 8831 11
8440 5186 9265
7962 1918 0085 111
2328 5423 9514
7452 1375 77
6704 3148 4776
4887 8458 0472 13
3278 4878 5626 17
4716 2482 468
5710 2924 2644 1
2238 0614 2338 1834
8430 9356 7938
1901 6404 3413 1067
6416 0988 5232
3044 2752 1095
4179 4528 42
3145 6573 8738
9545 9178 039
3060 6757 445
9138 6374 474
3631 0285 4746 18
6667 4514 121
9307 1400 0625 1
9265 7147 8201
5142 6683 8220
0012 4718 1066 144
3321 0222 732
7654 3098 6083 14
7386 7692 8981
5729 9691 2255 1
6643 7113 2251 149
1460 4266 9174 16
7523 6406 9384 16
1061 7295 2327
4335 7336 9641 1
1904 5495 7533 12
7074 2291 84
5352 7151 583
3852 4222 37
3798 2937 4150 111
6251 6468 252
2671 5423 5526 11
6741 7616 4851 1
5918 3159 5314 11
7515 6352 2004
7338 9251 6226
3671 0167 1122 1067
3874 8523 7435 174
7518 8353 667
0645 1743 4267 148
9284 7752 1067 1
1474 1289 7132 1
2432 7913 3636 1
1267 8565 0708
1717 1773 6517 1
2847 9055 4248 122
1532 8814 7154 1194
8011 1444 5196 1
4559 5892 1393 13
0246 5774 6726 14
8137 8548 5517 113
7781 2425 8516 185
5635 1242 1228 10
8963 1291 8883 1
5151 4502 5677 12
8763 8472 651
2382 5327 3570 1
5064 8826 6547 1
6237 2848 1658 123
8235 3730 9826 1702
3234 7625 0106
8548 7142 7413 115
5887 9244 6564 165
0639 7142 8493 148
0538 6415 2356 17
2959 5541 5023 154
5931 9406 789
6443 3471 447
6598 8782 2215 11
6146 5114 3407 1
8236 3683 78
5812 2242 3848 1
2612 8036 6353 1
2765 4547 5957 12
7590 8341 5789 1
0768 0665 4481 1
8842 2357 9167 168
9021 1845 45
9087 1453 1636 16
1741 7438 9354 133
3891 4617 7212 1
8696 5535 1413 112
8652 3238 0852 1
3133 8861 603
1787 2209 448
2610 7836 517
5611 4817 4344 1
2523 4045 1554 1580
9664 7295 783
6568 8447 0873 10
8116 4757 12
6156 7151 6237 16
1633 3256 1672 1
4571 1142 245
7514 8793 2532 1
6535 7464 2572 1460
5063 2437 5613 1021
2751 3123 258
8156 3024 8042 145
4224 4430 2585 1
4128 4155 267
5048 4316 475
3063 8331 5615 1
1182 6351 7805 127
5141 2631 2053 1
7771 5476 461
5714 7872 7027 1
5322 8564 2366 15
4705 1665 5031 11
4620 9264 6784 184
7985 8714 2176 172
2597 2378 3259 1
1565 8531 8864 189
9567 2124 6581 11
2116 1482 3699 1883
0462 8614 6971 1
4847 8873 6241 1
7508 7837 9245 11
9321 8386 7123 1496
6627 7588 875
9265 4056 4718 182
8174 3608 44
6547 2785 4021 1423
5454 2027 1587 1
9042 7578 9185
8731 6871 8163 126
4325 5246 4861 1
1835 1627 2687 125
3208 2811 4383 1
8427 8068 9108
3824 3677 752
7663 9293 6487 17
9121 1688 1821 168
7772 0491 8453 1
3159 2781 0167 1
1122 3355 2165 123
1332 8315 4575 11
6827 7134 2695 121
1786 7356 6454
7063 6213 832
4788 4716 1846
6053 9303 0015 139
0537 3169 4180 173
8444 7347 3686 1
4882 4599 8332 1
9167 7668 6623 13
5111 9131 8228 1
3103 4759 4591 12
0063 1376 3246
1751 4604 73
8488 3622 172
3423 5088 1057 1
1152 9432 0117
5059 2420 943
7537 6222 7376 14
2515 4045 581
2638 8431 3641
5553 3822 1866 1
4570 5443 7235 1
5726 0475 1904 15
8562 5971 7830 1184
2794 2798 5124 14
9081 4527 0437
1285 0375 1241 1
5541 3779 671
8375 2543 2823 1
7732 0178 1750 1
3780 3765 228
6677 3481 3916 1
3042 1166 2787 1510
9167 7907 8411 14
4154 2362 538
5287 3246 711
5276 7859 6153 1
3750 4987 5044 195
8610 2667 1782 1
2613 8532 383
9502 4987 3612 1555
7646 2210 6540 1
0923 6558 60
2613 6367 352
0197 8267 9858 1
5249 5210 157
4177 9537 5713 18
9643 7025 8490 15
1155 3057 4905 1
5128 7104 0599
9058 9225 5052 1
7265 3113 65
2355 7420 9361 1
6356 8197 31
2488 6681 7172 12
4151 0831 6780 15
7930 5134 2393 1641
2126 4566 5044 1420
4788 3384 5809 16
6421 6485 307
6756 1611 5285 1
2148 1143 207
6244 3351 4675 183
6842 5899 1569 15
5994 2306 0402 172
6162 5548 3033 163
6587 1715 3271 15
3989 4736 15
6091 1709 6182
6937 2121 1116
1008 5485 6395 1
1450 1545 2677 170
2332 8462 671
7687 1441 3160 191
1471 3028 280
2736 6835 4520 164
8279 4027 781
5378 8361 925
3392 1027 3157 125
6290 6783 3637
5444 8487 2112 1
4466 6268 3405 1643
5714 5575 0822 1
2369 3272 9161 137
1336 2455 5475 172
0083 1313 1626 13
8612 3678 7050 12
7414 2744 6612 1
0596 8781 911
8035 8140 9171
0516 5743 2801
3577 7276 6128 1
2789 4830 258
3240 6774 2465 146
1862 6691 5830 171
2786 5421 5973 1
1655 8007 0888 1158
5483 7587 5637 14
3746 5265 8905 1
3103 1082 5611 1
7254 5734 6727 1268
8633 3492 778
4143 0198 32
2219 4079 1139 1
1143 4531 5300 134
6125 2510 9163 1
5578 4768 8205
1255 0484 4266
7616 5293 8681 195
9643 5526 377
5652 5485 2883 14
3348 2522 0303 16
1056 2449 2251 1
6767 5233 4748 16
8340 0660 547
5859 8332 4062 180
5844 6115 6282 146
1095 9567 1205
1862 1065 130
7188 2513 9995 172
6725 8584 38
4367 6859 336
5769 6612 174
2526 0301 6788 1
5324 8537 2410
8826 3113 684
4195 5852 1214
8441 8148 7341 1
7955 6177 0320 115
6086 2345 1770 1
2276 7060 8653 1
9013 5587 81
1173 5142 0124 143
6818 7486 0913 16
8401 6848 8464 11
1362 7426 10
6339 3173 3735 1
0837 0181 8711 11
5864 7180 6547
8108 2768 7657 136
4367 7568 486
1117 7598 5712 1
8613 9506 7636 1
2614 3075 586
1869 6651 1567
1105 8006 49
3268 8325 51
4915 5528 2992
5761 3884 2157 1
7334 2851 8773 131
7894 8755 945
9097 1748 677
2416 3223 4449 1
4311 1819 1358 152
0952 7802 2124 1
4125 2338 7280 108
4508 7591 3181
4336 2643 7199 1
1500 1244 2452 17
5365 7152 630
3018 4474 4166 18
3214 8275 9822 1841
6331 8358 0631 1
4427 3355 3054 1
7136 9518 32
6475 5544 190
7066 3832 3121 1
4764 6206 4178 1171
4216 5481 465
5628 4711 467
8156 5506 2168 110
3717 6757 2713 14
5670 5656 4311
3567 3760 4486 1741
7825 0080 7250
4341 5860 851
8767 4322 514
2078 6623 80
3111 3245 382
6075 5124 2633 1568
3366 1121 8141
6116 5155 6863 1
0801 7771 114
6338 9974 0881
8126 0527 9613
4477 0861 8289 1
4841 6346 51
1138 4627 3843 12
2817 2575 2241 172
9712 3975 5410 13
5821 8080 5615 15
7058 7165 0502 1
3866 7122 7352 1
5784 6148 19
7972 0537 82
0290 2134 089
1910 8450 8786 1
9811 6372 5747 12
3265 1377 13
1405 1417 469
5136 3871 5445 1
5531 7786 1301 117
8802 2776 6721 1
6334 5367 2884
3778 2736 1438 1
3846 3586 6545 14
7482 3831 0653 1
4415 3886 7074 1
6556 5444 2312 1
6357 8942 5606 1
1357 7835 7864
0030 8142 5762 1364
5250 7791 2844 154
7773 7908 5325
5031 9269 9325 120
1233 4447 897
3112 0451 0664
7501 5177 375
1496 4824 5254 137
4814 4005 885
6233 9880 7633 1
6360 4169 568
5157 6279 190
1152 0156 1074
1668 5634 297
6728 3426 3327 111
2541 1571 8293 1738
4702 3219 26
9912 2558 41
8647 7132 5584 18
0515 9916 8862 1
8745 9048 6103 164
7039 1517 430
7248 4145 2708 15
5784 8214 0085 1141
8324 5656 0636 18
5806 6776 5705
4297 1576 3526 1846
5614 7454 4155
1405 4081 7478
4645 1827 5151 16
9434 8278 4291
4185 5361 5041 108
4581 2586 0286
2453 4289 5821 1
8894 1432 7641 1
7761 6488 69
8717 2572 2420
6868 0257 7147 136
3002 2586 682
0390 1331 5666
1619 1474 9651 175
6301 3803 453
0287 7095 9989
6475 5813 1012
6781 5826 433
9187 8835 4700 1
2286 5840 1656 1
3376 9864 5245 1
2307 3305 4657 1
6544 4153 1872 127
6769 3696 729
1378 5767 5647 1
8414 7768 4542 1
8881 4744 1638
5551 2024 315
5754 2841 4613 1
1366 7374 1481 1
8711 7638 6528 1
3470 7714 4648 15
5129 7691 3525 145
9658 6226 1714
7294 2387 8259 181
7748 1203 8423
0354 3656 460
4761 4963 7985
0733 0839 0436 1
3699 6340 0795 141
2610 8738 5851 1
4552 9673 270
5387 7806 2765 1
1945 2454 9883 143
3136 1271 7351
2736 1583 3272
0565 4984 3382 12
3587 8863 8443 1
1242 9834 8618 1
1704 6418 8887 1
7276 6094 1724 1
6758 8835 594
4529 3966 6699 161
4131 6467 7635 162
4143 4834 6961 10
8519 3666 1717 1
7626 1158 6724 1
5256 9074 3422
7173 7532 1260
5748 2415 5331 12
2778 2951 477
7031 5359 2356 1
2454 4287 3894 1246
1937 9671 8399
3703 3058 0132 1
7826 1606 782
6658 3551 462
7740 1153 1323 1
0514 1858 8375 102
4646 1666 6511 1
3077 0162 5276 1064
9579 9725 7022 1
4366 4640 1762 1
1646 2896 4572 1
4171 4619 1620 16
9611 4474 13
3511 2146 84
3228 4967 5114 1954
5782 6560 0387 151
3750 6957 802
5623 0342 1746
1446 5601 544
6972 8091 1893 177
8416 3882 3617 15
8530 8723 76
1532 2157 9138 1
7279 3372 2671 1
0235 2264 9451 187
7844 2622 1489 1
4743 8335 15
6149 9087 8687
9343 3338 328
4424 0894 3565
8836 2946 9215 1
1032 1335 5784
0102 8162 5373 1
5685 4747 8610 184
0112 5625 8034
6434 6838 4632 184
4362 6665 6146 1
0216 7226 16
4269 5684 8320 1506
5748 7536 985
6835 1514 4029
0518 9711 2468 17
7168 0818 5596 172
7433 7887 8051 1
8161 7488 1446 15
6546 0353 4867 195
8454 8421 0434 103
5233 4322 7111
0851 3152 0468 15
7397 9652 4154 1
5486 1824 9402 161
6547 0262 42
5832 4411 4524
1969 1035 44
5675 7072 6776 11
3584 8756 8754 174
4574 1727 111
3178 3438 5291 1
2333 7577 6311 1
2151 1313 3644
5112 0682 8373 1
9563 0744 338
9456 2803 5400 1
3556 4882 7484 1
5596 7421 2156 15
2173 0557 1241 1
3334 3913 3629 1
2433 7447 6388 17
1569 6751 1893 167
0233 3272 9345 18
9717 1670 0578
0065 4137 1415 1
1194 0948 6327 112
5654 1446 8336
3645 9753 523
6898 2176 4573
5449 1210 4636 1
6162 1645 3224 16
8244 3472 4717
1651 8458 488
7554 5246 5495 1
1275 3494 8454 17
5922 7453 6905
7752 8587 12
9765 2093 1145 1
8047 1631 2462
7623 2207 7846 104
8188 8489 9493
5922 2586 679
9354 6775 3477 18
1749 3908 5160 186
0665 2230 7257 14
2074 2665 1091 103
3117 1699 7483 1
8457 5666 6530 1
6596 1380 75
6512 8298 0849 13
2213 6708 6185 13
4684 3275 8131 15
3478 9685 7195 1
7775 8869 3525
3478 8255 5677 1
6925 6385 2268 1
3172 8476 9894
9377 1531 7875 144
7120 7133 533
2043 5292 7668 1
8202 4882 4535 1
9684 9898 1152 1
8637 5577 2139 14
4591 3301 273
0138 5615 6215 154
8186 7322 4475
2328 2385 2617 1
1817 7750 4431
2023 5561 0469
5258 8628 9674
0694 4744 7726 128
1977 2631 333
7633 4177 6416
5716 8526 2813 1
5023 3767 5181 1
3466 3084 7322
7237 5557 6803 183
1828 8622 8882 10
8226 7347 2814 1
6471 1259 2658 1
5563 5659 031
1444 3114 0585 1
2276 3211 5615
1828 0872 3286 15
0149 1764 7390 1324
2942 0246 4584 1
1473 2873 3267 1
4462 5346 788
4161 7221 4546 189
4318 5535 9115 125
1602 0020 74
2811 0743 6510 1412
5565 2155 7662 1
3268 4553 5317 154
7842 7981 8360 177
4270 1647 29
4271 6634 6187
9521 3824 5869 125
1616 6716 4715 1
7913 7042 5068 161
5017 1182 6456 126
2658 1973 65
7248 6798 5841 1
1064 7671 625
3564 3042 5766 148
4141 8134 5754 1
1047 5531 6973 103
7353 8872 850
5772 0822 8271 1
1433 4968 4097 1
5280 4513 47
0746 8343 5216
6170 5534 8687 1
2676 8884 8915 1514
6553 2159 7286 18
3879 5413 6691 1288
3727 8467 3542 141
8116 3504 5737 1
8565 6634 5776 14
7136 0723 66
2782 2416 2616 1
1140 8703 161
2966 4982 7629
7933 2316 8782 1
5848 0433 6928 1762
3925 0321 8362 12
2417 5984 2751 13
1696 7356 7582 12
2716 0915 5722 1622
5987 5055 6407 1
6679 5562 9463 14
2632 0227 0531 1
1496 7654 8212 12
3157 1328 7522 1
6442 0250 2542 1
2843 4125 0949
4547 6261 8381 11
0571 7860 49
6131 4388 1838 111
1053 4697 07
8553 7198 7326
3426 9218 6253 1
7073 3553 7624
3670 9782 26
7477 2951 0903 1
4522 7307 7514
7824 7825 494
1502 0650 014
7967 7227 2322 1
2332 4958 66
0553 1255 1338 1
6637 5290 5181
1803 0216 2735 1917
9778 0112 7920 1
1657 5688 8835 1
8993 6971 2783 1
1602 4523 8286 1158
6958 4528 3569 1
4039 6431 6528 1
5365 2538 7314 1
7133 8784 575
8467 5385 1244 1
0328 4655 242
6221 6131 7896 154
5605 2665 8114 1
5607 2183 857
4171 6764 449
5417 3264 8136 1
2241 8025 2185 11
8128 4167 5465 123
2863 7685 3353 152
2726 4507 7343
7681 7522 1278 1
3776 3536 172
7480 1638 1147
1368 6432 0715
6216 0764 7112
4520 4677 5781 148
5254 9853 6563 1238
1467 1650 67
2344 5358 823
0588 4411 4129 1
6388 6629 3534 1
3216 1275 78
9852 3762 4532 1688
2613 7531 8280 1
6743 2178 073
3063 4674 103
5434 4662 0525 1
4136 3050 6073 16
7095 7952 5426 1
6749 3889 0645 198
4466 5734 665
5311 7608 7661 19
7674 0360 1375 1
1371 9434 047
1855 9861 4948
4873 3579 567
2572 5126 1231 1
5699 1727 546
0828 8385 8053 1785
8661 8357 6770
2589 6857 8017 1
5212 3367 15
2742 3772 2291 1
3379 9714 045
2915 8858 2911 129
2746 5011 3142 1
1163 2437 6797 1
4315 5251 6971
7714 9711 806
2872 7829 7377 143
2790 3817 5395 1
5724 0250 5924
4041 7186 0367 1
7441 0118 1406 1
5463 0937 6661 137
8653 5764 5357 1
2809 9199 4374 1
6106 5448 4247
6546 1039 6867 11
1965 1319 3434 1
5953 8653 58
5859 2136 510
9652 6831 6564 1
7623 4662 4857
3158 2992 384
2522 3212 5858 1
5383 2779 4463 1
7275 8938 5257 16
6574 7076 8582 1
1774 5112 4017
3450 5860 2343 13
2868 4931 8764 17
9656 6507 3700 1
4463 8462 67
8812 7471 4762 19
5212 8413 295
3696 2869 2232 11
3902 5945 8436 1264
9609 6668 4564 1
8314 3374 5025
5917 3307 5122 1
8164 7773 338
4572 1865 6423 12
7149 4567 2786 17
9215 3136 3821 1
5431 2446 4767 110
8922 9460 6384 110
4399 1675 8414
3204 6704 4677 1
3515 4760 3768 1
9196 7162 7243 1
5665 2512 8895 196
6482 1667 0840 105
3187 3145 3252 14
6024 8357 4331 1
2340 2032 4167
8632 3559 6388 1
8982 5582 7493 110
3137 5005 7088
6057 0137 6198 1
6241 5052 747
4864 1182 8221
4911 2657 1434 12
7171 4656 1415 1
4775 6386 666
8294 7770 1864 1
3211 5101 8197 11
8585 0580 2710 1661
9590 5595 60
1027 4322 4849
3581 1947 8164 12
4195 2962 1327 1
3181 4776 1188 1
6547 8778 6128 152
5665 3612 7627 1
2188 7393 422
7395 5961 2351 1
9250 3735 3022 174
1416 4152 6841 15
6872 6817 4141 18
0372 7316 5727 1
6276 7466 7273
3587 8670 6565 1
6260 7551 1441 160
5527 4347 3778 110
8325 2586 4522 145
0638 9551 2237 1
2734 8236 1473 1
0552 8636 8461 1
4168 5813 5516
0294 6963 8588 190
9394 5263 2771 123
6215 0545 8528 1
1312 3406 1525 1
4811 2764 147
6284 2629 3225 16
5468 8111 5071
2058 9765 1751 137
9025 8836 2460 18
8481 8898 8545 142
6733 7504 774
9016 2819 2611 19
1305 9535 607
1301 5358 0145
4683 4366 049
3576 6633 6259 1
4083 3865 9600 1
8142 4481 8358 1
7267 3336 0662 1
3424 7782 2678 1
2018 3826 0673 140
2486 6885 9612 1
2856 3843 1240 1
6579 8603 2284 1
4418 2835 8357
7986 8151 7312 1
1109 2788 3556 16
4241 4124 3056 131
6561 4964 2135 13
1327 3940 2616
7174 2468 6384 118
1184 1980 836
9418 2121 6376 1114
8533 9278 0242 150
7307 4872 2142 1
7679 3771 261
5164 6482 48
8786 7135 7820
7227 1479 58
7500 6573 61
6906 6766 6311 1
2683 2776 0466 147
7732 4479 4357
4445 2143 110
4427 7673 896
8582 2935 637
6575 2983 4915 171
6133 8587 7917 16
7795 5224 3075 1
1241 6547 8996 1
4820 3234 1709 1
2606 7552 3420 14
3573 0154 5565 1
7118 6304 55
2543 7858 6781 1382
3386 1432 9641 1
7643 7361 7878 13
8604 8410 2118 1
9778 5625 1282 177
4049 9187 5715 1
7549 7400 7572 1898
8115 4315 3843 1
8972 8809 1603 1
8961 7131 65
6775 9272 041
9682 8154 5275
7977 3731 43
1929 3298 2953 1
8787 2172 4724 188
4691 8208 2241 1
2548 8871 5124 1
4653 0686 4272 1
5617 4745 325
2351 2823 0504
2181 8180 1377 1
3602 1123 32
3246 1358 8675 1
7321 5159 3237 1
8598 8126 8837 1
8826 4265 9783 131
8575 7054 2678 1631
6608 6060 1247 17
7263 4437 934
1869 5486 8186 12
3820 5383 4512 1
2603 6332 83
5312 3311 1845 1
1421 1353 8166 15
5640 6272 5988 152
5726 6125 9364 1
2833 3185 7282 1
5752 6869 3876 103
2115 8638 4696 158
8427 3926 287
8936 4313 322
2234 4813 2184 1
1697 1658 9159 1
8554 2152 2286
3481 4323 2459 1
2426 8749 6252 1527
8938 5288 7008 1
5626 7986 8322 143
3567 1145 4447
1124 7158 1228 16
1234 7641 503
7871 8639 5315 1
3721 3454 3634 1
6775 2579 1238 16
5172 7251 4672 15
7444 6343 2954 1
8893 3034 8152 11
6529 8645 4396 1
1264 8162 8326 14
1161 3951 7136
2622 7777 4927 181
4157 3612 2043 1648
6441 4013 6613 1
4299 2156 472
6152 4611 107
8885 8668 441
8898 6396 3725
1929 2792 7513
4451 7563 7835 12
6687 3644 781
5214 9188 876
8937 9578 0492 144
2653 1767 5842 1
7118 8289 0154 11
6328 3148 7316 16
5181 3574 1888 1
5614 9224 1331 1
4277 8871 1324 155
1551 8250 527
6383 8273 32
2448 3728 2632 1
3898 7718 2422 1
8153 8168 3361 1
2327 5164 1172 1
4258 1361 6711 1157
5010 6976 496
6844 4141 7433 133
0709 7186 1322 1
4200 2714 927
6384 2147 5339 154
4189 5478 464
4677 7316 2224 1
5008 8912 2578 15
6517 4019 7117
2074 8411 2586 1
6399 7522 5537 1816
4836 9845 1066 196
8884 4978 2337 157
6415 9312 2147 1
6128 9721 841
7968 7440 2744 127
7655 1335 432
2436 9815 5131 1
2878 4863 6917 1175
5178 4795 59
5668 2918 64
8541 5928 866
7937 4243 2320
4146 3510 4135
7477 6107 9744 123
1858 1482 4251
1726 6986 5181 1
1348 3765 3793
3436 6602 1366 148
7732 3526 16
4472 2826 502
5863 5889 7411 1
8418 2062 472
8141 6857 1722 1
6630 1561 581
7323 3155 3967 1
8125 0485 4440 1
5163 5263 2247 1
6184 2434 8450 1
5487 6372 535
5382 3125 7303 1
5782 6816 8810
2542 3024 6675 10
8597 2437 5412 1
6184 1268 5496 1
1319 8621 1461 1
3337 0842 0551 18
5544 5586 578
8480 8526 4462 1
4732 4862 8768 1
0692 9767 5478 1
7525 8447 3354 1
9242 7377 3446 1
1701 4431 6485 157
1952 8857 46
8438 3855 113
3581 3474 2788 1071
4731 9282 7727 1
8861 0449 8892 1
5361 4180 7816 1
3882 9098 043
1506 3246 7134 17
7262 4141 4819 196
0172 2224 543
2509 4089 6688 1
6728 6725 6255 19
5678 2711 8792
4268 6083 0435 14
5824 3816 7145 196
2790 7283 8301 165
8827 4015 0386 1
6318 0888 45
5475 4409 6833 19
3424 4638 17
5852 2664 3015 114
5151 3384 8086 1
7673 3184 8185 1
1669 0282 421
5222 4311 9730 1
2565 8161 7138 1
8327 9879 1971
5465 4552 5882
6817 7332 7464 1
2002 6426 2259 14
3772 6787 3608
7327 2696 5275 1
6939 4298 5145 1
5619 3707 9741 1
0258 9411 7976
2706 4919 0384
5787 1181 3311 1
7268 1722 5179 1
5335 8055 1065 10
3022 7266 2658
4622 9285 2425 18
7212 4770 7105 11
5226 7977 7762 192
8018 5174 7165 155
6006 2463 274
5952 4687 6561 111
3265 3519 3428
4463 6856 7826 15
7308 1668 8653 172
3262 2725 2646 1
1117 2464 2363 11
2533 5232 8681
6787 4444 3463 1
6553 6420 6265 16
9563 6021 4637
9075 2471 4287 1
2046 9123 2788 1
4030 7319 869
5245 8577 6467 13
2385 8562 6586 148
1456 6133 504
7638 9889 0545 1622
6478 3507 3824
7807 4331 6319 1
6835 2338 3877 1575
6343 7967 1640 1
3883 8481 10
6756 3495 263
9453 6576 1526
5472 8306 2016 1
1771 4583 8097 18
3838 7356 2674
4357 1000 0307 1471
4085 8187 9026 1721
6623 5116 635
4538 9018 3435 1
1031 6835 164
4577 0621 377
7192 6882 3943 1
7161 9014 458
4525 3152 251
2881 8184 4645 173
1545 7377 4753 128
7435 5421 6544 1
3113 3675 15
7725 1226 8181 147
6335 3786 645
7724 3779 5191 1
4405 1230 8880 1
8434 9111 4435 1
8679 3194 6330
0042 2720 520
3752 2451 4666
1976 3592 3074 1009
9484 4855 547
1287 2743 1561 1
2759 8472 1872 1
8481 7883 48
6391 5587 2843 1
3477 6266 7741 166
3274 1020 3941
3206 5758 2821 13
5534 8773 9330 1
3313 4458 5838 1
3175 2734 0532 113
3868 5630 8226 134
8221 2654 115
2847 6726 4823 1162
7343 3105 4444 1927
3446 3712 147
7284 1353 6789 1
7727 5953 6420 1
9836 4817 3854 186
6377 7563 7289 11
2817 8832 5858 154
1465 5195 1419
3253 0725 1282 1569
9158 5314 7635 12
3009 4315 1161
3842 7639 2329
3229 2127 632
2376 3378 67
4456 7594 1688
5366 5813 5479 1
8657 5535 5768
1196 2266 252
7581 6124 75
3242 3517 6362 195
4747 4784 5561 194
8565 1349 3420 1
2446 1231 1913 1
3787 4958 2518 12
8461 3381 3163 1
1296 7334 0599
4512 1138 7554 13
8328 4674 2355 1
8175 6765 277
3217 7966 8215 1
1346 5716 2707
7880 4612 8481 1
6736 7265 3262 1
8221 0667 4919 1
0261 6674 0368 1
4113 6483 1847
1569 7743 1464 1543
4583 6135 3743 1
7353 3032 1483 173
9417 1525 3443 1
8618 4142 48
8332 4255 87
9622 5650 77
8406 0813 566
4875 7353 6686 1
2730 1678 9524 104
1653 6334 647
7735 9973 4476 1
8906 5743 4186
6315 6216 2584 1
3572 6662 2827 18
9215 7312 6243 17
8536 5738 7845 1
7528 4668 6311 10
6662 3841 5767 1
4759 7448 9439 1902
1931 8483 6770 1
5834 4666 7804 111
3443 6583 1760 1
2708 2299 6865 12
5142 4299 0012
7147 6565 79
6688 9026 6713 122
4745 2766 5593 132
0713 7278 7027 1
5857 8371 4112 18
2228 7802 1275 1
7752 3326 8167 17
4066 3194 486
0105 1334 5742
8016 4288 8276 1
6469 3966 4353
1522 7817 8563 1338
8193 5813 6622 1871
8263 8173 6725 1536
3189 6817 0445 114
8357 9148 10
5231 4445 1274 177
5781 2727 335
1864 4013 4152 1015
7566 6466 478
5295 5820 14
4462 8847 4256
1014 2487 7787 1
3903 1631 7478 1
9558 0260 394
0623 5405 6274 119
1827 4616 3370
4442 2729 896
7232 5774 7645 172
7695 7843 2876 1
5862 6291 97
0122 4197 8296 1
4734 6767 4042 1
2037 1983 3024 12
6207 4113 882
9673 6122 2757 1
8625 8280 1308 1
9528 7333 472
0240 4556 2831 11
1813 6512 6617 121
2114 1013 0571 188
0264 5074 04
2468 5637 1463 17
0356 5938 2471 1240
8437 6615 8865 1
1248 1126 2811 1
8293 2879 6885
6641 4444 4228 1
2312 5542 2686 15
8448 4281 1066 110
8766 8824 8282 10
2514 2384 7541
0323 6573 7844 1
1188 1362 3792 1467
4389 6653 8054 1
5856 1149 8875 18
6174 9072 661
6253 7809 3725 1
4243 5349 1616 166
4689 4444 7562 1
6446 7666 96
2844 6517 9099 196
7474 6494 2813
4278 8754 8286 1
2455 4820 0756
4298 4811 98
6248 7943 3053 1
4322 7246 787
5598 8567 789
4412 2227 9367 190
3681 4969 3144 14
5035 5641 354
9734 5425 3025 100
1324 4139 8847 12
1184 1658 515
8777 8481 1732
7251 1877 733
1053 5813 5782 1
8411 1189 86
7322 8408 368
1264 7797 8630 124
3416 7301 1528 1
0315 9169 5662 12
7617 2832 2525 1350
6292 5965 1422
8442 5911 7082 1
8710 5058 3524 1
8286 3482 6746 1
0133 2975 8151 1
6955 8450 33
5893 4513 79
1762 1658 88
1032 0728 2311 18
9752 6848 1785 1764
8432 2929 195
5482 6284 694
1368 7789 5494 170
6868 5212 9415 1
3578 7800 1230 1
1121 8372 4174 1
0161 6164 5720
7333 4617 9418 1273
7141 3254 2668
8791 3775 3318 154
1572 2252 8272
2312 2659 1457
6454 9641 592
3640 2484 222
7525 9946 7580 13
2770 3986 2715 1
5132 4160 1455 122
3582 7444 6683 1
5593 2302 746
2402 5828 4108 12
7853 6684 7007 1
8603 9742 867
6283 7817 4452 147
8386 3634 2708
5453 6745 527
6689 2819 4772 1098
2330 1823 415
6704 7388 4122 1
3943 5245 8663 1371
6280 5157 8956 164
6137 8626 7465 17
5752 1627 0934
5843 8388 5224 1107
8714 2454 7519 1
1682 7329 4716 1622
1733 3212 78
5956 8167 8580 1
6775 0079 4521 1
1216 1784 3695 151
4865 3266 8301 1
2837 4973 182
1966 3148 7615 1
6495 3074 8361 1
3903 4269 8408 1
0363 8623 542
1803 2745 7522 16
5658 5053 4672 11
6294 3421 7755 1
0626 6714 4215 1488
1655 4429 0486 172
2372 8407 018
1542 5636 6854
5014 8235 4614 1
5825 4753 389
6667 6109 1292 1
3754 8750 0633 112
0347 6509 3073
1105 8940 934
8634 4282 617
7455 8516 8378 168
4446 7495 9648 12
2822 4439 8953 174
1746 0304 7228 166
4437 2558 3098 125
6820 6645 6424 18
2180 8624 4173 1723
2091 4666 2264
3303 5720 7124 1
5645 6455 1759 1
9159 9707 4913 12
4444 6522 3448
1688 4758 1653 1
8043 7532 15
5281 3974 268
4704 0226 5354 1
7425 3828 9345
3423 6332 9554 1165
3271 1384 4650 13
7746 0746 846
8728 5747 3375 12
7886 3045 4891 1
9513 0837 7396 16
9451 1918 0374 1
5168 3976 0717 1
4248 3765 3359 1
0943 1788 6846 1
5653 8824 8277 1
8263 1588 8261 1
0567 5872 2851
2323 2527 7280 13
7305 0043 8861 1
1869 1082 76
5621 4040 44
5423 4649 4508 1
5118 3181 518
8521 0312 8942 122
7008 7821 23
9225 3421 7513 1
5272 1614 0967 16
6467 7164 5165
1986 2878 878
0262 7116 6595 1
7333 1426 4685
1546 3342 7172 168
5488 8188 5452 1
7327 2224 3117 192
2055 5329 5212 163
4443 0236 621
6282 6214 3483 1
2943 7651 4257 1
1438 8762 4835 1676
8617 7272 7381 12
6286 2711 9437
8655 5817 3146 1
2267 2838 8472 195
3629 6112 5728 147
8571 4971 8151 1
3274 2815 4224 18
2100 6637 87
1641 4841 6575 1
3326 6195 8852 185
2275 6236 2840 142
5976 8759 6518
7886 8198 1522 1773
7817 7617 1569 112
5829 4413 3626
5320 8860 5542 162
4178 7868 1200 1578
4663 3362 7831
8517 5436 1355 18
8431 6474 5939 1998
7547 3853 4313 1477
8748 6750 6373 15
2614 4158 104
8393 5150 6507 173
5477 0316 1517 1
2484 1326 827
5566 4478 0086 1
1323 8666 6526 18
7444 3220 3434 112
9552 6732 048
1564 5453 7871 1
6971 1122 5718 114
6947 4595 63
8642 5451 7086
2531 6192 2766 1
3681 3861 582
7333 0592 4365
6986 8865 1204
5788 7083 1039
8143 7259 9041
0311 1574 1585 1449
7365 0994 64
6670 6661 375
5934 2356 7553 1
5811 1247 3222 1
5761 8970 04
7026 1221 4321 1
2075 7433 7532 1
6579 9712 1559 1
2114 1756 7161
3427 1221 3876 185
0233 2576 2236 1
4610 1384 2071 174
4108 4529 0429
1624 7824 1767 108
1426 8122 5858 1478
7821 1371 1507
2875 0640 6994 16
5311 9733 72
8653 9181 6046 1
4664 1543 1978 1
3254 4614 901
6171 2646 6181
5858 7261 5764 15
7169 7409 187
3174 8549 2346 152
5615 5408 245
3349 4724 165
5622 4278 2741 1
0447 6189 362
7937 2169 3516
0706 4763 3712 1475
1574 4280 8781 1
9678 5578 7548 14
7332 8575 84
8880 6282 9812
1612 6566 3001 1572
9246 7281 4175 11
1038 1272 642
6718 9249 2978 12
5352 7054 6029 1
1362 9253 911
4676 9351 4947
4148 8715 63
4981 6214 2585
2331 1723 018
8243 0528 4375 1612
0117 8571 3959 12
1111 5554 578
8643 1822 8186 1
6627 7213 5558 13
4284 1856 4625 1
2428 1451 1344 1
0412 7799 4232 155
8954 1143 34
8175 5152 7539 1
3082 1114 9863 1
1635 8182 5157
7161 2146 1283 123
2937 3616 7861 15
6649 6083 6164
4486 1023 0563 1
3076 2518 404
1476 4148 2738 1
2065 5727 5159 1
1522 1745 7894 191
8480 9155 8288 170
4826 8114 6486 1
9838 5419 2754 13
0421 3469 13
1784 1772 6254
3353 8744 1363 1
3825 6855 7708 1
8916 4489 1635 1
4589 1362 4559 12
6112 1473 73
9534 8454 2271 1
7848 6557 8682 1
1898 7802 908
3828 4253 294
2879 7886 8717 1
5324 5833 4906 19
2115 8403 2781
1546 7513 822
1883 7267 1978 1
3112 7173 7433 1
7351 7272 3972 1
5253 1273 8146 1
5306 7282 4485 15
5917 3365 5248 112
4620 2464 9894 111
0881 2211 7330 126
2527 5158 4816 15
6757 8773 7339
2525 9985 76
2145 0464 9678 15
9130 8358 7742 15
4738 6526 3160 1
9454 2839 7754 1
8389 5636 2864 1
8372 1269 3213 1
6082 2376 168
2357 1715 1348 14
8605 2826 4898 1
2899 2720 2659 1
4443 3984 3476
8838 9064 6383 1
2120 8522 3143
4921 2929 7397
2764 5296 6506 1
2827 5655 3215 14
6543 1087 5336 118
2317 6536 7013 187
5999 6784 1522 141
8157 0530 2887
2452 6488 2680
2305 5317 44
7240 5479 2057 152
3336 8003 4323 197
3141 9676 7121
8523 4727 8741 175
7241 2713 7838 1
0788 1363 33
8807 4164 5655 1
3488 1311 256
6524 4851 61
6676 4242 1245 19
0566 2811 3076 1
2260 1105 8133 15
4612 6203 6741 1
0185 6375 47
2835 1530 5930 1405
0669 9464 4933 17
6838 1347 1015 1
5819 5287 4755 190
5238 4141 51
5712 8320 5607 125
8453 4556 1480 1113
0724 2111 5156 186
2717 6683 8763 171
1031 9955 5581
6621 4275 7520 1
1366 0262 6645 1
5773 3367 3296
6460 2313 5146 1
1086 0110 15
1415 1997 218
7796 7818 1117 124
5173 6234 1828
7473 3442 2314 1
1852 4547 686
0546 1706 9508 1
3510 2318 4614 1
2365 7602 2138 13
7233 1300 7078 1784
1352 6612 7976 161
3425 5128 5525 1
8547 3692 3032 10
1860 6564 5145 12
7345 0363 7860 1
7548 3946 6818 1
0368 2013 6972 1
5577 5762 8833 16
8744 8581 0998
6684 7733 5963 1
6424 1677 9544 110
2724 4483 1230 1
5739 6415 2523 1
2221 2914 8353 1
0519 6078 448
7678 6368 6234 1
8654 6357 8778 1
8012 1317 5816 16
6523 8483 5566 11
6317 8416 0339 1
5516 7363 5516 1
8838 8893 5486 1
9701 1775 7018 178
5246 5751 0228 146
8601 4863 4149 165
5227 1622 2977 152
4647 4543 7330 1
7298 2882 223
2085 8429 8681 1
5314 4357 753
5900 7542 3245 1
7442 4670 8975
1441 5015 5247 1
3245 6132 1517 184
3498 5067 3118 1
0108 2138 5253 1
2646 6914 2522 1
2432 3705 4880
9545 7612 6674
5734 8494 2492 11
9444 3935 3769
0891 3253 5636 1
4071 1898 2121 186
7486 8434 7625 1
3667 4331 5166 1
8271 2514 2432 1708
5976 8561 775
4667 1776 2024 1
8694 1846 497
6592 8244 6953 1
1514 1887 3177 1427
6530 9115 8458
2231 5399 1571 1174
5315 1781 6166 1
6676 3701 3293 1
1383 2256 8515 151
2592 9420 2765
2154 2417 7786 1
1657 8247 6507 1
2530 1355 358
9748 0492 8943 1
1815 3211 868
6511 4815 5474 115
6517 2377 66
5554 8153 5874 10
6039 1211 9347
6387 8854 6394
9224 8597 5980 1
4686 1871 152
7312 6949 494
4093 7573 5106 12
7765 3651 1213 1
9348 6839 1851 104
4452 6862 442
2316 8440 7473 1
7614 2789 4952
9330 2261 5914
4868 1740 7562 19
7052 1695 8665 18
1532 3009 848
9808 4321 9585 1
2149 8513 0186 118
0252 6571 8197 1
7673 7706 6760 1
1443 0936 152
7386 8895 713
0252 2314 6491 1
5347 5540 4647 12
1483 8382 8112 1
7741 9731 4826 156
3837 5598 6668 1
9323 3587 341
8694 8359 4014 11
8267 5118 8426 168
2742 6668 3867 10
1484 8562 6057 18
7121 0875 7451 18
9575 6767 7164 1
0758 1676 6741 1
4327 5219 4478 18
4774 5936 9484 117
9246 0838 3104 1
6440 1838 113
7748 2338 408
3612 1149 2797 146
6501 5538 4193 1
8780 3322 1367
7357 3265 7221 1
1901 3217 13
1331 6664 3159 1
0111 4737 2372 1
0721 6652 543
7594 9814 7942 1
1990 7414 6548 1
8314 8636 7739 1
7618 6945 2558 1
6667 2256 6515
5261 1454 4206 16
2345 5473 5051 164
4568 6226 3113 158
1618 6913 4430 1691
6553 7956 2543 1
8316 7028 1712 11
8677 8560 3242 16
9936 7853 4647 1734
9771 7217 8077
4272 1599 4379
8478 3111 4677
3793 2433 6566 1374
8767 4490 3782
7243 5577 81
3222 6797 5327 1
7675 8221 101
5531 2437 7338 1
4194 6642 2606 1
8375 2416 5970 1
2055 7632 4362 11
5743 2244 3362 18
5437 3843 5823 192
0038 6518 586
2683 6550 2758 1631
6982 5035 0974 154
6335 3471 6855 1
7480 1368 1485
4257 7970 1381 1
4452 6266 0161 183
2139 7446 8242 177
5737 6376 5866 1
4982 8665 6727 1153
6167 8975 7160 11
5425 7231 16
5716 5656 1820 12
2063 1826 0574 11
1599 2241 8238 1
8819 3031 0362
7552 0417 1745 15
3365 2103 4756 1
1354 1461 7953 17
1942 2633 423
3821 1579 7975 1
1176 3632 923
5222 6138 4163
6237 7921 345
7514 3533 831
4295 3774 2322 107
1882 6546 7785 1
9551 3205 142
1237 5814 1488 1587
0635 4816 1640 1
5451 7623 0324 1
2705 5862 158
2184 2767 436
7298 5833 86
1943 6652 6668 1785
3401 4392 5348 15
7643 6265 3592 11
1630 5898 1388 1
7178 2420 551
1141 1623 66
6255 7075 3061 1
4446 9516 13
7231 7742 6864 14
2188 3470 1827 161
7541 7737 9565 1
7173 4678 103
6182 5556 3781
8463 1194 237
4842 7345 4015 1
7716 6657 3277 1
8027 2601 3512 184
2837 4477 7278 1
2117 0418 1534 1
4166 5157 2375 1
4631 4321 2313 17
2687 5544 8534 16
5254 4359 8345 1
2845 5139 6531 166
8324 1820 3673 1
6984 5101 7337 1
2515 1448 9751 1
5112 9386 3753 163
3344 6854 03
2358 9839 795
3693 5230 7856 15
1682 9898 461
0059 6148 8325 1
6548 3215 98
2843 5885 3787 1
7342 5983 612
5223 4712 182
4753 3793 2204 13
5764 3877 2734 115
6469 0415 2526 16
8025 4841 7151 1151
7682 8678 6934 1
6443 3355 4745 1
3343 7081 3342 1
2261 7133 7949 1
6335 5922 8415
8593 0511 7772 1
5639 2176 5426
2453 6774 1795 13
9528 5268 9291 125
6562 5775 8944 1
5532 7657 7857 10
8717 2126 6856 15
2871 4485 2237 16
7077 3300 5127
4010 1652 1313 157
3622 9352 9774 1
6475 8829 30
0717 5536 9981 1
9784 5844 5584 187
2205 7840 358
1304 4669 8353 1533
2142 3711 348
8346 1856 5275 138
8953 2122 7837 14
3794 6775 7004 1
8482 6928 259
0455 5359 5663 1
3362 1526 6401 1
3911 2511 1151
5317 5217 8995 1545
6684 6170 7945 1928
4222 8317 9903 1
7340 5918 0956 1
7584 7168 4526
8626 1412 4792 1
6465 5452 7335
2311 4873 6827 1
8417 3621 2503
5118 7453 6236 1
7841 5883 8286 13
7667 5154 0576
3563 7566 5176
9372 4236 91
2217 8481 2327 1
0666 6827 742
4772 4398 9962
4604 5714 1611 162
1708 2810 1514
3674 3201 4742 14
1292 4127 443
4340 6561 3450 165
8365 1952 8522 188
1359 6172 7779 1
3667 2626 5748 112
5820 2150 93
6196 5307 4229 18
5425 7612 498
8310 5865 5895 1342
8849 2664 1548 165
6573 1816 7481 1
8638 3516 887
1466 4157 2922 1213
2450 8625 865
1348 6573 6757 126
1784 0228 468
4687 0584 1611 1
1714 1222 9487
5826 8046 0615 1225
6323 4336 8480 17
9087 8527 7861 1
4737 6555 195
5495 6268 2544 1
7765 7519 8177 1
4390 0408 724
5391 2932 5328 1
8282 4286 3035
7158 6478 4512
8856 6733 3452 1
5315 8381 5739 1
5337 7268 7783
5017 4267 2279 1
8604 1536 6242
5482 6432 571
1433 8115 1051 1
9307 6176 602
3392 6566 0215
1922 7440 6723 11
3342 8735 1541 161
3222 7618 5642
5925 3973 7889 178
3227 8553 8781 131
7654 9517 9534 1
8386 6746 3367
1667 8110 8174 16
4745 8169 077
6347 8526 2233 11
4686 9478 8108 12
5798 2229 3103 1
1237 4931 8826 16
8211 7766 6607 135
8558 2321 0885 1
5262 1527 8295 19
4325 3631 1144 1
8558 1993 58
8164 0221 6868 1
4905 5306 7717 11
1804 3122 1153 1
5568 3378 9350 11
7819 9310 6522 1
8384 3104 8127 12
5207 3822 5233 1
3629 6320 4136 1
4274 6045 651
2357 2689 2772 18
1443 8457 8403
1876 9203 0961 1
5578 2300 1189 11
0634 6562 8738 1
7282 5647 8671 112
2466 6589 7678 1
7655 6577 137
5646 4076 23
7231 6838 6454 1
3373 3399 9763 11
8988 1372 4811 161
0660 8169 610
1232 5349 4745 1
6267 6974 6012 184
3589 7307 1382
1843 7771 8315
4986 4078 3477 1
9816 8688 3733 1
7574 3038 7349
8402 2721 862
7182 1092 6111 1
8860 2287 9473 1563
5155 5608 4932
0033 2749 3120 1
1738 9562 8211 1
5145 2471 361
0420 5764 3848
6576 8548 6958 1
5288 6721 8331 170
7751 1836 0353 15
3458 6877 218
9521 1274 116
5095 5640 86
8224 8276 4878 1
1650 2745 7525
9702 0011 6885 1
5743 7742 3674 1
4332 2223 5729 1
9315 8814 7138
6774 1077 21
5813 0257 6603 1
4508 8055 5727 1
8714 8888 0672 1
5161 1576 1393 151
1449 9331 5019 1
7252 1132 4254 187
8355 5537 1618 114
5589 5266 7875 1
0661 0345 8534
7145 6861 7332
6097 7086 8695 168
2235 3495 0858 1
7683 5334 8376 1
4037 4645 6530 1
2626 6935 321
6636 5185 7807 15
5568 9261 7750
2792 8243 7135 1
4916 2002 5752 114
9645 7775 8250 1
6591 8441 7702 1
0225 2556 0417 139
5185 6034 12
3755 6150 8056 169
6847 9635 2955
8658 2403 6307 173
9621 3585 1215
3865 2521 56
4215 5535 80
2631 5053 3710
2768 6225 236
2756 8966 809
7732 0325 2677 1428
5868 2307 4452
1567 1667 9494
6726 7668 5522 115
7192 0197 5128 180
1531 9456 5241 1
3062 4875 3562
8272 2655 5514
2744 7218 4641 1418
0103 7433 7476 13
2344 9200 284
6401 3925 7137 151
4643 6557 8109
6455 9974 4782 1
2458 6139 4380 1
4678 2866 4176 163
3824 2233 840
4951 1267 42
5013 6832 0881 1
0413 8788 43
1875 6603 6192 11
2483 2679 0279 1
6453 3977 4842 12
1134 1817 1251 1
6515 5052 2329 1
1407 5996 9937 13
8600 2334 9447 107
4777 3365 291
5239 7866 6765 18
1666 2327 2278
2970 5479 8267 1
0253 2421 9243 1
8562 4142 073
2852 1003 358
1981 2735 29
1472 2218 6277 17
5271 7451 5360
8231 2177 3841
7318 7530 3659 1
8351 5719 1173 134
9415 8456 623
1117 1715 4022
3621 6453 9168 1
8498 3723 105
9760 2993 6957 1
0678 5230 8257 1
5302 0282 6398 1
2098 4328 614
2867 8425 2911 1
4135 5348 886
3819 4448 2556
1154 2196 5783 1
0275 3176 074
7464 2234 0167
6735 1121 1415 17
4743 1990 5514 13
4416 5939 2463
9649 1751 5171 1
8715 3877 0257 1
5632 0763 3871 1
2851 3149 2835 16
3131 1712 201
4460 5812 48
5826 8242 7612 1
3884 8471 6726 1749
6254 8914 1238 1
2385 3664 0386
7381 7488 2678 148
8412 7461 4424 1
6113 3338 1316 1434
6791 1386 5016 12
3675 9361 2546 1
3593 2688 4681 1
1827 4956 6773
7062 7607 3879 1
4208 6781 96
5877 0203 7199 1146
5125 0736 198
8136 8557 4373 1
8664 1983 7302
8418 9734 259
8311 0570 9873 11
8247 7564 1782 11
1134 2263 862
2426 3724 6242 1
7274 7578 1443 158
2786 4318 9199 138
6085 1457 2817 1
5022 8115 0861
4481 6825 3440 107
1233 6863 6669
2679 4191 2688 142
2321 9028 534
7906 4741 628
3673 1505 1120 1
3966 8401 2679 1
1168 2244 7455 1
5402 3472 7928 13
5421 2238 1504
6459 8507 573
0661 1743 574
6454 8218 7119
6875 6579 6922 12
3068 8584 3535 1
6479 7416 3937
5154 6333 6086
6678 9645 8889 108
6844 6448 4939
8125 0788 4944 180
2136 7953 48
2682 7552 17
9647 1441 4119 1740
5174 6616 4535 1
2248 1398 86
5528 2908 2947
5363 0281 4814
2456 2511 8521
5132 3033 8834 161
1663 6386 0714
8398 4813 3468 1
8663 5753 1329 16
2798 5450 6361 13
6568 0618 0846 18
8667 6311 3865
5810 4975 41
1791 3101 905
1130 9845 3668
8036 7825 8344 13
2733 5641 4715 1392
2203 2128 5452 1
2898 7435 2795 111
7640 1344 513
3854 7113 3561 1
3911 4222 8848 1440
7079 1885 8692 1
6166 2212 1013
5182 5334 8764 175
9764 9049 0018 1111
7965 1541 0239 14
2175 5485 5858 19
2664 4966 8434 100
9510 2833 40
4971 7755 7575
8343 3844 8378
6292 4025 661
5539 8942 5831 1879
1364 8244 4758 1
4630 2199 3618 106
5172 6442 4535
7222 5577 8631 1
1260 4784 1293
2831 5770 5373
6508 5527 8437 141
1354 2644 804
4341 3236 8750 175
7741 2718 256
2612 3139 3842 105
0404 1325 262
8035 5618 2172 195
4112 1792 5399 1
5168 3617 3415 1
5314 2512 8488 1
5963 0572 85
5838 5581 5124 121
2366 3099 067
8838 5202 6214 1739
1303 7265 2224
3384 7896 5183 14
5775 8277 521
3668 9533 516
6751 1837 3457 1
4058 5758 6373 1
8084 1647 2264 1
1157 3842 7322
7144 6828 3400 12
3267 6818 4089 1
3683 5341 6237 162
3483 5112 503
2434 8363 7548 1
5381 3153 4289
6468 7230 6628 1
6861 6093 1191 1552
7915 0261 0284 1
1925 7667 2245 1
8371 6114 4657 1464
6564 1624 7356 1103
4578 2819 321
0632 8178 34
1534 2276 3176 118
8965 6742 251
5135 1490 4308 1
2452 1618 5508 187
8386 8551 4971 1
2217 5780 2382
8822 4681 8819 1
5143 0271 3616 1
6380 4070 895
3268 0253 8584 150
7864 1578 8443 1222
2236 3416 180
9594 9443 584
1682 4252 3512 1
5123 8959 06
9283 9747 0159 17
6943 7075 3206 1
8512 2931 15
3150 8218 7015 1
0118 8268 3237 1
8397 9534 5974 1
1614 4389 6377 1
4866 9873 34
6344 3004 9892 1941
4670 8452 1941 1
7709 4356 654
0665 9466 4645 1
8218 0896 4392 197
8241 5311 3444
8467 7821 8695 1
2222 0678 76
0537 6771 4983 157
4479 6488 5472 191
4821 7402 6713 172
2332 1823 8546 166
6162 6821 5134
7768 3826 4739 1648
4812 8567 2794 154
8113 0867 728
2036 3729 9469 1
4956 4198 8141 18
7353 6342 5783
2097 9624 4521 1
1265 8181 8265
2702 5166 1430
7446 3788 1254 15
7347 1360 7036 17
3555 3156 9384 1
8194 2431 8153
2851 6367 1847 1458
5089 7632 6824 1708
5237 3224 2788 1
5703 2577 2126
5851 4536 6398 1
6874 8787 9533 1
5736 5162 7543 1
4492 2627 9926 148
3674 9898 7238 10
7842 5783 6662 1
7472 9778 13
1419 9105 4821 1
5476 7140 4635 1541
5731 2236 634
6016 5871 678
9746 6109 2144 1
1641 3752 0158 1
8642 4266 8117 1
3416 8557 1052 17
7345 8633 2081
1435 6217 8755 14
5556 7083 1559 1
8536 9775 5173
8844 4824 8193 164
6040 9463 8366 10
7683 0711 3004
2386 4161 8574
6622 5871 5193 1
2923 7673 9411 123
8152 8866 9532 1
9435 1228 771
4361 8185 6384 1
2821 6374 641
7873 9132 5322 1
8468 3364 2588
5084 7812 3605 1
8233 1645 7716 1
1226 2049 11
8645 7429 2007 16
5931 3452 4176
5668 2316 8874
7824 4309 0102 105
1058 2768 5432 144
1494 4173 2639 1
8183 6128 8267 1
1433 0098 6146 1
4754 4722 2357 19
5771 2657 518
7263 7993 0627
6162 5023 8225
0736 7162 4635 1881
4642 8474 0713 158
2617 4561 6666 1
2278 4668 5937 1
0515 2238 6021 161
9294 0284 6172 1
9757 4908 54
4376 4694 3323
3220 4717 9558 1
7519 3672 158
3570 8881 2723 19
5078 4120 5450 120
3375 6761 830
7881 4225 5297 11
4479 5174 70
4568 0410 489
1965 0423 8772 13
6357 2473 5843 1511
3741 2424 144
8942 2430 7186
2036 1884 7551 1
3656 0384 651
7674 5340 634
5736 1045 8255 13
9654 2256 5063 182
4092 0176 8303 1
6678 3418 6181 1
6903 6466 7538
5811 8017 73
0368 0217 98
6832 9075 0835 1
3121 6548 645
6202 4324 6582 1
1720 3134 3202 1
1644 4906 768
6199 3002 5732 15
8274 8912 1073 11
8274 1092 1528 1621
5003 4811 7463
5533 6749 56
1255 4311 4365 1
5637 6632 436
4219 6676 3407 1
3863 3764 3531 1
3150 5775 8590 15
8415 6688 760
6241 6839 379
3255 8324 750
3907 8945 1151 15
8045 4279 4134 1
3937 1211 2772 135
3721 4623 3721 11
5923 8287 87
9683 3050 2844 188
4834 7177 02
8793 7110 6973 167
8430 4742 481
7272 5371 7674 1132
7566 3372 9377 14
8633 2348 0670
5725 6868 1626 1
2828 5522 151
9918 3264 366
6553 3453 6498 163
1424 5981 534
2983 8381 9964 1
6366 0491 96
7720 8814 2312
3081 1908 3464 1135
8388 1438 833
3244 9780 1187 155
3948 7483 487
6643 8882 0105 1
8310 7231 7385
8344 6676 8066 1
1695 5370 26
3361 7956 6832 1
0419 6135 33
4381 1751 7204
0628 8723 5043 1404
5804 3853 1543
7792 5509 711
2306 8268 4225 1
5460 6578 0277
6586 7638 9656
5878 1566 7331 1
6332 8759 8458 1154
3600 3965 3638 177
1571 2963 111
3362 0633 6711 1
2227 8584 1207 1154
3064 5163 6744
3733 6031 9416 1
6143 8834 494
7814 2344 986
6425 7688 6180 103
4885 2981 82
5432 9355 3468 18
9851 1389 1514 1
6074 5233 817
6586 1728 1897 1
1082 3766 2591 1
8298 7648 7975 1645
4527 3739 653
4642 9484 7382 1
0534 3796 6380 1717
5667 4682 2422 1
9215 2574 4933 1216
7767 4045 7458
8202 5210 0869 1
2541 8782 3768
8117 6142 47
8817 8888 1773 158
8917 4034 485
6641 1979 36
6387 6838 9687 1
1367 2597 4751
5242 8176 764
3458 5152 8771 121
7622 9973 5723 15
1340 3864 3250 1
1913 1315 3586 114
7285 4542 5074 1
1563 9726 261
2379 8155 5649 1
2315 5126 1251 1
6328 5348 365
2057 8124 7756 196
3434 5277 62
2346 3545 6263
1303 7332 9472 1047
3044 2340 7296 1
4357 3738 5387 1
7885 1128 5454
9314 2923 2045
8792 6121 8505 1
8433 0620 6890 1
0639 0177 096
5288 4388 2566 15
4356 3217 258
1416 1463 2517 1162
6569 5822 1750
3186 1834 5212 1
8332 1231 2297
5352 9571 6267 1
2127 7394 3126 1458
1072 7872 2285 1
2599 7316 9274 143
4370 2201 3912
0267 9684 09
4115 6007 44
1319 8246 9267 1364
2354 5089 1932 1
9776 0786 0458 1
3570 3387 6263 197
6693 6369 7986 1
1328 6332 921
2327 5015 6911 1
2808 4106 8667 13
8991 8608 757
5352 2904 9225 16
1862 7926 2181 19
8657 7281 5883 15
7938 3312 3934 1
4141 7250 765
7263 8373 8453 141
2119 5091 1153 11
5346 5580 785
4213 2247 0740 14
1689 7517 4473 138
5028 7312 677
9821 0503 8845 1
8518 5136 9303 10
7651 9028 2437 1
8537 3323 342
7157 1733 0396 12
8754 2561 6424
5137 4466 1577 17
3022 1586 6326 1
5815 3576 7327 180
3529 7268 96
4662 9862 1531
3327 4177 9866 1871
2064 7659 6004 1
9567 2130 235
8982 9882 7225 1
1307 0648 7610 12
4691 6787 02
5482 8573 3264 1
5756 7363 4387 128
8282 5345 4991 1
7519 8665 1191 15
5688 2226 5220 1
4312 8171 4752 194
6231 4076 7364
6921 5555 6145
7321 7281 8074 1
3887 8463 622
8788 5695 5644 1
6423 8327 488
8355 5073 4534 1
2691 8682 3175 1
9155 1202 51
3595 7564 3475 1
7954 3223 8866 16
3741 8934 1453 1
1161 5152 281
4588 8604 1547 1
6639 4652 1767
2208 1421 673
5640 3581 2287 17
5857 5064 4684 178
1622 0331 7748 14
2184 3148 7557 18
4141 8200 4814
2433 6176 7506 1
4937 3852 9178 163
1448 9143 4466 11
8025 8737 6227 1
5094 9575 7181 1
3413 2731 975
9712 8754 1846 1
6571 1228 682
0444 9155 9279 15
5117 8576 6490 186
8242 3353 9297 119
8123 7823 4298 1463
8749 8518 7270 1
2842 3730 9333 143
2584 7743 7797
3647 4744 5254 172
8736 7258 8701 135
0127 5392 8424 141
3889 4627 4475 122
3554 6516 329
8853 1894 6885 118
7926 6017 2943 1
2607 5586 4889 1
2947 6471 29
8381 5357 4862 11
2581 8927 8759
3165 7612 6101 130
7882 1627 1971 1
6784 0978 9475 15
0112 8458 6902 175
3469 3703 5396 113
8727 3428 9057 1
7778 4285 431
5912 6572 8473 1
2068 4960 5760
6377 6221 378
9620 8160 0754 1
6524 5167 6557 12
8425 3635 9419
4753 1525 5180 1
6543 6763 3479
9948 8493 951
2055 6532 484
0482 6333 7843 1
1045 6182 9164 12
9213 2691 8474 1
3382 2776 3215
0287 9836 5515
5608 2413 1275 1230
0689 2635 3517
4584 4287 1078 12
2605 2696 8975 1
0775 2728 2271 143
7833 3152 0725 1
7858 7518 8645
0432 7472 7138 1
3476 6656 6602 1
9737 2226 6471 124
5851 9814 2817
9648 6818 2501 1
3888 6722 40
0760 3713 4974 1
6894 5365 3312 10
3475 8301 6549 199
0421 2826 65
6842 6252 53
6565 8855 9265
8445 3474 2143 1
1529 3226 4596 1
0375 9304 6435
2599 4872 0777
2042 2224 7875 117
7952 2134 168
8928 6421 8532 143
0749 2203 3364 136
6343 3748 6715 1
5654 8090 5800 191
1508 5780 9777 181
2417 3854 774
0435 7745 8211 1
8144 3637 40
0175 3729 4119 1
0156 0314 3026 111
5135 1235 8652 158
9654 4827 72
4155 8317 1720 1
5453 0037 6556 17
3075 9013 218
4364 7806 8637 13
8649 8299 4864 1
1675 8418 6107 1
8471 4052 8870 1
7341 8833 862
8962 4332 34
5253 8734 0111 188
6733 4136 4215
1406 4224 5540 1572
2330 1186 6613 116
4426 2559 7142 18
5834 0617 831
9166 3171 9829 17
7171 8253 3888 147
4338 0272 3277
1260 7317 51
2880 3170 6864 1
7586 6762 1422 17
1878 9907 4178 1
4802 6373 68
5813 7773 4056 179
1378 6901 6768 10
8639 0187 5354
1661 3073 59
4462 2420 8763 140
6397 0377 2787 185
5668 5454 1784 1
7145 4786 7688 1
8263 1843 7437 15
9481 6096 8812 1
4050 8224 3228 1
0792 1136 482
3663 3695 0247 1
8825 2783 8922
8323 6085 3481 17
1572 6338 0449 1
0495 2240 59
0682 5719 862
3726 4593 885
6822 3722 21
8187 8412 7729 1065
4191 2917 125
6122 7642 9570 1
6245 8580 3169 117
2283 4377 7634 1
8385 6062 3976
8638 4352 8331 1131
5776 7734 7824 16
4066 0847 72
2308 6237 1438 11
5386 3791 5693
9651 6156 6538
7698 8057 4631 1
2391 8493 2087 16
7418 8663 4259 1
6743 2647 3288 1
6427 5768 7276 133
3726 7207 8758 1
5534 8095 1873 127
1426 7510 5514
1455 6372 8595
6864 4387 2379 1
7217 5008 9608 19
2758 3981 0376 12
3746 5815 1152 1
2899 8814 1755 1
4518 1445 1265 1053
6277 4173 2411 1
3452 0684 228
4307 3196 5801 1
7126 7668 1870 188
4557 2316 22
1586 4761 1321 182
2256 6612 64
7434 8603 32
9694 3327 7386 11
1023 8373 2361 139
1554 3298 1689 19
1655 5385 2534
2064 4848 6848 1
6080 6020 1359 1
9526 1377 5024 17
0476 6771 754
9306 2837 4818 17
7051 1265 870
4393 7518 2397 1
5821 5032 9966 1924
5171 9335 1723
1737 2773 8179 1
2319 5780 4044 12
9436 2405 355
2948 0252 3476 1228
5211 0153 2787 1
9847 6208 3122
3208 6221 9192 1
7386 5711 4572 1
7228 1511 6435 15
1716 6180 81
4318 5694 9707 1
6824 5620 675
1551 4316 6349 176
9153 3766 7645 191
3493 7565 87
0591 2897 0197 182
1180 3887 0257 18
4548 6325 6464 1
4655 6211 56
9980 2818 6308 1
5733 7699 41
5676 6787 137
9844 1203 6224 156
4702 0285 6854 1
4935 1760 404
6707 2131 3885 12
6133 1562 602
1851 5486 8118 1
3827 0588 8123 185
9121 1248 751
2626 3183 017
2274 2939 0100 166
4888 1965 3255 130
8798 6241 4582 16
1184 6469 9658 1
1318 3576 3759 1467
3387 2595 751
7093 2315 639
7603 4392 1151 1
7788 1218 9426 14
9115 0361 664
5351 6655 0032 1
6456 7983 9866 19
5469 8824 3346 1312
3638 2358 7580 17
3099 1794 7041 1
7217 3387 831
4813 7268 739
4039 2158 1316 1
3203 8167 3857 1
3045 0235 813
7716 7646 4656 176
2365 3805 765
7912 9016 124
7213 7444 3877 1
6788 2840 542
3242 3860 1834
0644 6127 5821 16
6257 7587 540
7217 1259 2486
3776 3533 4609 104
3848 5408 3313 17
4020 8637 3487 134
5148 2967 5590 1
9884 8455 8766 16
9067 5421 7312 1637
1218 7522 64
4789 7283 1118
2114 6368 8140 1503
4199 2727 9197
1661 7460 2153 107
7623 7489 7911
1332 8856 3691 188
1324 1562 5343 13
8782 6458 5145 13
6867 4233 3121 128
4756 5353 2224 1
5987 0763 959
2222 6536 6765 1
8378 5700 4745 16
9683 8861 8439
4898 6620 2481
8467 0298 1658 1
7122 4617 2281 1782
7188 6837 5375 17
7758 7347 5822 18
2789 9633 620
0858 1645 059
2129 7222 5782 134
3751 1032 8842 1
1811 8152 8624 1
7112 8622 3557 14
2240 6319 2772
3806 6851 2365
1072 7807 6645 1
2360 6277 4061 1
6352 2744 2187 17
2173 5135 7358 1
6615 4877 4833 1
4459 3194 7251 1
8161 2265 7045 13
0484 9214 1486 1
8158 7632 4151 14
8171 0815 3282 14
9104 8377 6157 1
5572 7072 7881 14
5632 1222 9816 1
8147 5723 3891 13
1144 6870 9133 1
6144 6014 474
5278 5482 2225 1
5899 2165 5695 16
0841 0318 5478 17
7537 7773 7054 1
4023 8424 7225 1
2614 5522 740
9426 3843 9861 178
8179 6304 3460 1
7458 3323 2827 1
9784 4759 0516 188
9721 6613 1490 1
4527 3301 2276 15
4823 6497 4373 1725
9882 1514 1934
4334 6073 51
3568 5713 5271 13
3812 7398 4546 1
4881 3792 0588 1
2831 7752 823
2736 9235 5193 1
5856 0272 474
5182 9475 5735 1
1321 6102 7533 1446
9056 4275 3117 1441
1324 4245 197
4638 7613 6188
7512 8608 4852
8038 6482 2078 123
6503 9277 4679 10
1585 3817 7834 164
2081 1158 9283 1161
4075 7238 7241 17
1497 4215 7622 1
6632 2665 6117
9611 4453 4475 168
1452 5614 553
4819 7062 3940 15
2041 2482 655
2044 1352 6774
1984 9603 4960 1599
0457 6182 455
3256 8506 741
4325 8141 6273 1
8928 4171 8092 1
5411 5174 5652 1
0378 4371 1787 1
9217 6528 0056 1
1227 7585 545
7381 7850 7753 182
4365 5610 4020
7883 7577 3136 10
0392 4636 6154 1
2868 4321 2632 1
2857 8530 4817 1117
0273 3422 7516
4456 3135 3445 1
1066 4980 4311 1866
3790 4536 472
1984 7137 2677 132
1713 2234 6665
1793 2216 9406 1
2764 1691 5375
7415 1669 8901 13
7532 2257 889
1227 0903 8388 1
7778 5506 4337 1
2382 1124 1322 13
1824 8361 5715 14
3837 1851 6456
6119 1163 4485 1571
6359 8765 7824 12
7748 0482 284
3162 7516 5714 1
6771 8926 322
3767 9335 5931 13
3570 5863 71
1476 3566 8876
8022 6223 162
0370 7267 83
3752 3915 7651 113
9018 4224 5135 119
2441 5229 3205 13
7337 2087 2964 146
6651 5878 1951
3773 1528 6758 15
2444 4487 8598 1
3213 8259 7354 15
1073 2076 2175 1
5594 5526 734
2573 1521 1265 173
3625 6183 4870 1
1061 5476 5201
9642 4149 7331 1
3841 5575 8247 14
4804 8454 4249 1
8579 2365 3821
4898 5246 9532
6218 7327 4053 1127
9284 3498 5383 1
4289 7433 857
5167 8326 5368 1
0580 1498 3623 1
8260 2383 422
7396 4441 2537 17
8255 6746 5714 146
3373 6627 4312 158
3330 8441 9351 153
7057 6804 7883 1
0251 5222 1246 1
2323 6408 3462 1
3863 4734 1559 166
5747 5043 8774 166
5922 5499 256
4575 0257 5518
0973 6573 57
0561 5286 5825 139
6166 0649 4835 1
2235 3254 6526
0556 4753 82
3833 3313 7844 1
2836 3495 2696 14
1518 5951 2536 114
1789 9926 8772 1897
3656 1352 9233 1
0556 3467 6127 116
7833 8007 3851 1
5528 2116 8612 19
5028 7343 3744 16
7575 1684 2435 1
4726 6310 133
1677 4950 1960 151
6348 6752 1157 13
4020 3379 318
8301 9584 3586 1527
8154 3739 6063 1
1547 7421 248
2311 4453 9985 17
0425 9347 9421 1
8485 5722 4346 135
0917 0845 4692 15
4053 7224 1913 13
2266 2336 8375 1
3578 2631 5617 121
4253 2627 5566 152
7446 9005 5263 15
9298 3762 1472 17
4516 0851 5997 188
9451 1785 1186 114
8871 2764 188
6751 5765 3586 17
6328 3677 42
7350 7508 42
6761 6731 8378 19
1413 4166 9278 118
4671 4761 073
2836 7442 622
7250 1137 4048 120
3218 1228 4916
9672 1580 684
6335 3140 9638 16
0674 4585 1975 11
1321 2847 9321 133
6443 2323 4927 173
5972 4556 4484 115
4332 3591 7788
2931 4697 6039 1
4135 5323 518
1185 5695 6556 1735
3464 2155 8867 12
1288 5746 6633 1
8273 7521 1093 1
8805 2256 1334
9815 9315 3857 152
6442 9742 857
7455 5784 5659 1
3643 9344 627
9451 6139 4940 1
5022 4112 3364 17
1319 2468 3702 1
5808 6912 8227 16
2513 4845 5828 16
7659 8030 3292
1251 3354 848
6629 5203 1853 136
2483 6316 2370 1
7332 3556 44
8231 2904 93
6445 5873 2511 12
8865 6415 8282
1110 4698 35
8973 1958 442
6184 5550 1871 1
9348 8773 752
4408 2731 0646
5352 4919 8257 1462
5518 6659 56
7619 5433 4641
8260 4254 7868 1
6866 1634 554
2547 6523 525
4728 8363 4341 1
2587 8325 1805 15
4838 9750 5327
1581 8177 2506 1
4019 5850 9639 1
6836 3019 62
7030 7874 5377 12
2737 0789 8173 19
5308 6276 7063 17
1281 9502 3630 1
9584 2430 9556 1
7167 6336 3667 13
4210 6328 5384 134
1112 7646 2598
5637 5287 1022 1361
5366 5255 7636
0662 2338 567
9257 1698 8137 1133
7694 9715 7401 1
2787 8505 207
1632 3672 2818 11
5230 0665 3766 188
6667 2091 3963 1
4247 1434 762
1734 9246 4463 123
1167 7438 1862 15
4460 8480 2149 163
4113 8138 6415 1
2427 5290 4522 118
3357 7122 2687 1
7141 7642 5862 1
1686 9350 6458 19
1863 0668 6463 18
3338 6871 7674
4588 4355 7451 1278
2462 3511 8427
3491 5661 7722 1
5015 3393 9475 1
3460 6553 714
2644 8430 3475 13
7174 2356 8422 116
5805 8377 636
7673 8730 07
5921 7845 3547 105
9354 3292 4825 1
0216 9268 637
6524 9039 5813 18
5287 8251 1147 16
7634 7492 2828 11
5596 6513 8451 19
5965 2288 886
4234 8404 6346 12
4324 4431 2187 1
4756 5464 0515 1615
5300 3425 5307 1
6742 8514 37
2284 5057 0297 106
3478 2944 5257 1
1118 2078 2311 1
9260 6402 63
6535 1443 635
6962 4554 2561
3956 0853 1282 1618
1561 4884 835
4732 5761 281
1407 8588 3835 1
1141 6180 860
2768 7440 9745 1
2858 2884 1602 107
6654 2651 2846 1548
5455 0542 2465 116
9136 6122 9528 15
9227 2098 3207 15
6382 2562 87
7705 4181 43
3478 4258 016
0379 8177 7562
2857 4723 727
1781 3786 27
3365 3700 7346 1
8907 5676 1433 131
5368 6587 069
5324 1699 3785 1
6096 0276 7282
9383 6876 65
3725 8742 7261 141
2335 1652 5253
5103 5171 9723 11
4677 5515 8021 1
8119 3321 712
6878 5730 860
7619 0450 0837 14
3538 2036 1155 16
5069 1431 6845 1
6756 3987 5533
0178 7833 7107 14
2297 5685 3656
5537 0881 8142 14
2581 4248 1906 15
9262 5111 9946 1
5477 3587 1343
7752 3112 1634 146
8701 8343 585
3350 6015 5753 141
4534 1020 690
6411 7278 4439 1
5868 2833 2241 1
7324 7845 526
9656 1752 5557 1824
7602 9138 1740 16
6619 8488 6487 1712
5548 5429 4755 1
5901 4818 6434 1
1489 1610 2257
1142 6078 7342 18
7718 7617 2231 1
0157 0476 7411 1
1638 7167 3978
7863 6733 2575
8926 4323 837
7542 5060 9814 1
2276 9058 7513 163
6506 7761 3538 1
0771 4193 8522 15
4648 9563 681
6004 6587 6814 1
1808 2731 5436 164
8620 8337 1717 156
4876 6917 736
4293 4557 8240 1
7321 5349 2625 1
1332 8175 0516 1
1559 7185 0296 1
2074 8652 6558 1
8258 7272 2368 1
8138 8206 6162 1460
1162 7682 315
8612 0161 613
2387 8925 719
8818 4486 8887
1703 6114 716
1785 3715 6316 142
1364 4278 1690 1
6127 2153 48
2482 3742 545
3624 9292 6444
8356 7375 9755 1262
1202 2542 6678 16
1143 2013 9556 1
0148 7339 7515 1
5771 9244 1774 1
5583 3951 2266 169
9546 8362 9509 141
7639 3700 4370 1
6631 6384 9111 173
1112 6726 6846 1
0392 5957 7326
7551 4615 798
3744 3877 5596 1
3418 7678 1126 1321
8251 6898 4082 1
5708 6625 6055 193
7347 5425 6276 1
2437 2187 3838 14
9867 7188 2664 1
1798 4226 261
9417 5188 1698 11
0513 1658 8785 1
9558 3785 5911 15
1288 1284 558
8483 8442 370
8307 6235 4431 18
7093 9057 45
7818 6755 0862 11
4425 3745 3338 18
1283 2351 274
1150 7453 3316 1878
4146 6131 7631 1
6614 4611 657
4733 2578 863
3980 1799 177
3543 6883 1471 167
1576 3361 5766 13
0966 4793 4856 1
2651 7283 3531 1
5382 2834 6823 172
1515 2577 3252 14
7888 6140 356
6938 3515 4919 1
0664 5955 773
5183 1630 3725 1613
7131 8475 48
7758 5927 9544 1364
5247 6551 6874 123
6145 5554 3529 1
0274 0151 1615
3546 7155 5824 1954
5441 0627 3513 1
0672 2529 6818 1619
6878 3472 3880
9846 8536 41
9395 2821 8623 1
8638 2321 2732 1
8231 5808 8641 1734
1818 7164 2887 11
7120 5702 2720 1
5577 6171 3716 1
1253 4097 0745 1
4163 4130 1551 1
7757 8961 5594 1
8980 6729 7576 1
3034 2473 7476 1
2784 5454 0151 184
3586 6173 4674 1
1159 3660 0308 145
3153 1231 2743 1
8576 2829 6908 1
2061 7318 0149 1
2653 2486 45
4242 1078 7377 1
9960 8795 3293 1
3175 1320 2206 18
0884 1805 4192 115
3844 1830 551
7236 0413 4666
9632 6657 8211
5386 4716 585
3532 2915 6243 16
6357 2991 8467 1
5422 3443 2733 119
3318 2511 8315 1
2386 7889 3046 1
1193 1953 9638 1
9782 6581 8076 1
8946 8622 7605 1
0681 4701 3587
8342 7162 013
1893 8662 743
1514 7383 5612 119
1253 0936 4906 11
5703 0344 1677 1
8428 7863 1133 1
1369 2640 3230 103
3844 8043 6603 131
8628 7857 2416
3187 6448 5527 17
1625 3604 3695
4151 7635 6238 186
7693 3435 7588 1
6035 7546 8122 1306
1683 1521 8882 107
0222 1156 283
8232 6778 5858
4459 1812 8367 1
5389 4076 7805 12
7521 1934 3358 14
0153 2776 2140 1
2782 0370 4626 13
0236 5516 7107 16
0333 1749 8744 113
1170 5223 8528 14
4814 6459 1882 132
3556 0575 8888 18
0538 9801 3743 145
4954 6485 4145 1
4464 4294 4217 13
7316 5147 1689 14
2778 0728 583
8166 2671 0315 166
8505 1511 0760 1545
5345 3899 2503
3032 9818 3873 152
3799 7858 2317 1987
9388 5879 6665
8344 4021 3113 1
4541 3575 8922
3736 5465 2523 164
2295 6013 0846 1
5813 0357 8598
1818 2842 7061 10
4815 4723 2708 1354
1335 1480 880
3460 1890 1258 160
8231 1450 1648 1
5678 3796 434
2395 0525 1167 164
3953 0724 3273 14
6147 5475 3661 182
7751 7775 1767
1558 9582 4765 106
6141 7026 4276
0112 3652 4334 10
6131 1017 1643 118
1159 7793 14
7602 0733 382
5563 4462 34
2086 1480 7142 1
7210 5529 6855 1894
3455 8348 1121 1800
9147 6566 882
3421 1280 269
4996 6321 1352 1
6221 1211 8604
6343 4728 1251 117
8472 1765 3541 1
0489 7079 6186 168
0557 4302 2628 16
3113 9571 5031 1
7308 7074 0817 1
0229 2028 7292 1651
2541 4384 2223
6908 4746 5135 14
9242 6334 3604 143
1746 2687 1407 1
8874 7816 6682 1
4497 2769 874
2854 7728 4608 15
1471 4866 253
4984 4235 6772 19
4944 3537 43
2724 2483 6047 17
9582 8478 187
3125 7604 6272
0882 7125 0341 1
8281 5574 8151 1
3538 1652 498
5489 1628 578
0772 6649 8651 1
6555 2197 1788 1
0642 4616 2738
7137 5576 629
6445 7468 5642 15
0142 2720 4381 1387
3470 6345 4445 15
9661 1667 2744 11
4457 4880 4766 1695
8957 3515 6925 1
7753 1064 2315 1
2757 7102 5028 1
6758 2047 58
1974 6303 7403
1366 1911 7815 151
8910 2087 153
4841 9051 5487 176
2375 4896 3062 1777
5056 7431 1727
1054 3823 5613 1841
8488 2335 70
6332 3825 4837 135
4443 7812 7847 1
4793 5126 218
3805 4067 2426 1
7187 8825 2041 14
0610 6947 7863 18
8515 7566 2186 1
5291 3486 97
3996 8454 5156 195
3531 5277 12
4123 3923 8909 16
5382 8155 1869 1
8836 6364 4018
1768 4575 8755 16
0821 3327 22
3861 6638 2561 1
4986 5734 92
2119 9539 0219
2853 1424 4236 1
7412 9881 0623 1
8858 9466 5958
8864 8693 9187 1
4052 3275 7394 1439
8950 6165 4220 165
8750 8495 4845 16
4630 8486 7564 1
6711 2628 5565 188
1537 5804 9883 141
4817 2153 9262 18
7662 7286 8941 16
3388 8106 8858
3443 7492 3122 1194
7004 5696 33
1203 1723 2442 1
8734 2226 3277 149
9529 7978 5522 13
7220 4663 57
0372 6820 4219 15
6811 2448 66
5465 2792 4088 1
9131 3265 602
7485 1918 8106
1122 4204 5578 1752
4622 7879 5464 1
6677 0132 599
3687 8499 5665
6454 2767 2523 1
8277 7251 4110 134
6775 7688 182
1436 3261 5576 1
6251 4674 2273 1
9043 3648 5639 14
2125 8441 4026 14
9022 3882 92
4560 1538 3327 1
2811 6968 2365 17
7466 4495 9373 1
1262 2165 7011 1
6336 6341 851
1646 1225 8023 18
1558 0466 6749 1
2485 3857 5955 161
8125 4408 4281 16
2648 5762 01
3100 5283 0541 1
4488 9876 3028 1
4144 4995 316
4634 5036 81
2545 4295 9791 127
8579 8856 4626 12
6799 8885 374
4227 3138 1411 1
3547 8859 7621 1
6661 1265 9884 1
9213 7265 4051
8359 4632 0734 1953
3787 3442 148
2672 1512 45
5277 5618 5487 1
8513 4595 8646 1389
3459 3471 3018 11
8277 9325 5792 1
6452 5331 8427 1
3259 3058 591
8443 4812 7479 1
8671 3857 349
2217 2482 5729
3886 3492 4572
4623 3465 6652 1422
8155 2281 112
4614 6823 8130 1562
9620 7527 5372 11
5247 6186 3828 1
3432 8893 4588 18
3625 4555 4222 1
5657 5927 156
9494 1452 54
5846 9255 4614 12
7523 7288 4867 1
6524 8541 2773 1314
3573 4788 30
6276 8959 1473 1
1826 8165 4473 155
4317 1950 1126 117
8789 8576 6700 1
7663 8274 5016
4285 4775 4239 1
8310 1329 3672 185
3242 1504 6443 174
4324 8791 1144 1
3775 5045 4824 14
3851 4768 5251 17
8353 3026 8428 1
1211 7785 30
7361 2944 8145
1014 8101 9111 1576
3402 4272 06
2954 6483 6862
0258 3132 7328
1697 0276 7151 1
4216 8145 3870 1
2194 5111 0957 1
5618 7317 7782
8377 7476 759
5532 5594 5741 1
4216 3304 2021 138
8955 0044 1518
5032 7655 345
6283 6614 21
1569 9666 352
6632 2540 238
9821 7547 322
6182 6356 7048 1557
0073 5383 0364 18
3224 8037 5263 1
2673 3888 7859
4807 6436 7718 1
1521 4485 2779 16
4498 3139 4533 1
4180 1848 1271 1
5230 4382 144
4671 8334 3458 1
3458 4830 0855 17
6457 8563 6809 123
8367 4586 2111
8737 2372 6175 1
9911 9570 3047 1
4644 7585 3759 17
5440 7953 782
6324 7817 356
7887 5252 8325 1
4729 7744 5482 1
6848 0577 5339 1
2191 8547 62
2111 4492 4884 1
3422 8653 9652
1922 2958 7113 1657
7634 2527 1452 1
7569 0336 4210 187
2562 5117 273
4764 6312 67
4560 7540 2628 1
5442 2253 4859 110
6408 6437 7582 1
1205 2222 3080
1894 1287 5244 136
2536 0304 3919 10
3231 9801 0320 17
4958 7163 504
8946 3433 8210 1
7449 8538 5508 15
8963 3169 42
3628 5855 428
8523 1210 67
4515 6872 87
2636 2326 2347 1574
3141 4288 0166 1
1462 2243 594
7765 6043 2863 14
1917 6642 4641 106
8176 3745 5785 16
4605 9784 257
5612 7322 8762 1822
6611 5752 3890 1
9091 7918 2237 132
9332 9984 38
3741 4665 144
1521 3683 336
2454 3522 9642 1
6717 5271 2547
9335 2540 1663 19
2735 3537 8397 12
8517 3782 8142 1
7034 5182 254
6161 6822 057
3838 6184 4962 12
2692 4322 131
0703 9372 3158
3517 0543 1202 1945
0838 4758 774
3864 1722 1768 16
3568 4115 813
2398 3536 5148 1
4403 6112 3150 121
4488 2624 234
2264 2362 2214
2867 3201 6211 1114
6975 4150 4084 13
6793 0048 5385 173
5654 9501 3339 1
7083 2762 1842 1439
3267 8991 0052
8861 6230 650
4866 2214 3842 162
1732 9823 7213 184
2480 5718 1588 1
7321 5363 4102 1
8257 7105 270
1067 7767 2354 1
7453 6294 6202 17
4124 8571 4141
9260 6822 1418 1
3546 5587 983
9326 6426 8554 11
3262 0253 4063 1
7045 3743 8796 18
6932 6458 2472 16
3181 8333 3435 1
1856 2552 3344
8687 8318 2567 16
4573 1989 8427
1112 9769 1631 1232
6757 2153 4210
7555 4272 8842 11
0177 1373 9585
8815 8210 3402 115
6711 1455 6527 1
5543 8837 9778 1627
3018 2812 0196 10
5276 3071 1667 1
5272 2175 5171 19
7848 5542 6657 112
5558 8045 7061 121
8887 5845 2632 1
0521 5648 6072 11
1206 5618 7829
6153 5773 7270 1
5387 8784 8087 16
5863 3993 1724
7876 3641 8672
7470 7129 0528 1634
5757 7714 7882 1
3635 9316 4211 1
5317 4385 5947 13
3764 5764 1462
6164 7816 72
9861 8815 5672 1
1760 7627 7774 191
4475 6039 4085 1
4171 0278 57
3613 8042 652
3569 9261 1894 1187
4132 1698 5223
1779 2758 1543 1
1722 1715 8595
2356 6256 047
5053 7624 68
4399 5851 6429
5241 3964 7464 1
7641 6323 5964 1037
9479 8252 1876
3351 0025 224
1879 4558 6579 137
3326 1053 389
9032 3921 6888 15
3605 6145 0688 1
2642 3645 1710 12
8681 6724 2663 1
3877 5568 8349 1
6727 6330 29
7137 2137 3614 1
7979 3876 0465 1
5665 7854 1092 11
3304 0534 5738 1
7852 2321 4756 152
3652 1695 5647 1
9266 7966 5571 167
9022 0361 6084 140
2827 0755 4658 1
3591 5311 1718 1
3175 8823 7296 12
5886 0651 4012 174
9356 2775 1376 128
7126 3617 850
7574 6439 0395 1192
9665 4486 1140 18
8313 1567 5994 1
2869 5628 4735 110
9564 3553 0398 1
3973 6050 4175 1
2971 3033 1211
5083 8030 9301 1
0268 7775 73
1611 8215 4566 11
5345 2584 3318 1
3790 8476 0138 1
1956 2231 8517 127
4775 6927 8047 16
7968 8858 3150 10
8296 8750 6946 12
1277 5302 8446 1
4321 9867 8842 1
7726 5232 8566 1
3751 5866 3475 1
2853 5871 7149 159
3538 3710 2248 17
7011 4131 663
7222 2662 332
7371 7831 4634 1882
4154 5762 9356 1091
5588 6968 5143 1
1538 3338 42
3399 6843 2448 16
6464 6256 6311 1500
8828 3152 4874
6091 1215 3247 13
4821 5095 8218 123
6145 6986 763
2565 7289 7369 11
8887 5884 43
7851 3482 8617 108
1325 7637 7177 1
4966 7417 2433
6801 1122 768
6449 6453 3231 1
3141 0743 8001 10
1347 3318 2686 18
3992 2160 8894 193
5404 3976 4184
8312 0271 5364
1792 3993 28
7865 8345 1123 1
3242 0771 5862
7930 9366 0764 1
2739 3248 69
8499 1987 6466 17
6881 8654 1877 1
2253 8775 8032 1
3743 3488 2225 1
3863 2774 625
9506 1482 7546 1
6687 5444 6637
7247 7520 6818 16
5323 0411 9171 1
1158 8848 0951 15
6674 3333 8697
7149 1009 327
2775 6111 34
3321 8675 955
7081 1873 4655 1
0638 7591 5653 1
5165 7106 4558
2837 4252 5247 17
6334 1781 8680 1425
8356 3524 47
5855 1455 1928 1405
3177 5327 6348 1
2365 0454 16
4224 6841 3731 1
9144 1213 7267 1
7174 1094 4919
4797 5170 8805 14
3365 5414 4084 1
3046 4656 0025 153
5317 1535 1331 155
5173 4345 1122
0609 6432 5578
5302 2083 4532
7871 2343 5316 12
6262 8786 2625 137
2762 6459 1018 1
8973 2506 36
0232 1811 4741 173
3338 4574 0728 1123
4952 6749 5082 111
7851 3498 7654 1
2522 1253 2964 198
2629 8166 4972 1
6209 6882 3756 17
9359 3129 8888 1
7913 0823 2339 1
0311 4395 5936 1675
9760 3665 8733 14
7851 7102 366
1635 6910 4144
3851 6563 6544 1
6814 6237 45
6505 0126 1126 141
6715 1671 6626
6537 2732 5070 196
4816 3462 8577 1
5803 0252 2144 1
8027 3775 811
0325 2955 2403 1
2729 1786 63
2687 2070 2311 1
5137 5362 9141 1588
1285 4412 6103 13
7215 4997 8638
7121 2738 3404
2507 1275 7849
7345 7175 3182 13
4761 0304 1438 1
8222 9854 6275 1
2584 3572 0241 1
9270 5121 8757 1
8165 5626 778
2134 3523 6606 16
9737 8612 79
8672 1813 3960 1
3682 4128 1150 112
4520 8286 7744 124
1135 6266 6162 12
7944 3773 1651 1
2014 9550 8457 1
7455 3436 6826 1
3513 9778 1537
1561 3816 2893
3553 5640 6247 1
2574 0296 267
7336 4125 8577 13
6623 1716 5852 14
7817 7183 3137 1
5752 3750 7123 1
2682 1834 3503
5863 0121 0846 18
5892 6172 011
7640 5281 48
4131 4938 4397 12
4312 1106 7156 178
4592 9832 4244 1
2736 6405 4472 1
3433 5399 8169 143
4612 2432 851
8824 9666 0783 186
6034 8247 6642 153
9447 6525 8390 1
6372 6956 3616 129
5131 9718 7771 172
6437 5214 3421
0436 1586 7814
5176 4454 2851 1
1861 0814 794
4660 7627 1247 1
6972 0474 9384
7320 4432 4419
1062 8724 8756 164
5925 5215 2920 1
8283 9358 6960 15
0573 1327 7124
7237 4412 7575
5266 7231 2686 19
9378 7235 8928 12
7261 8179 2568 1
2686 3080 3027 1755
9288 6338 7991 1
5675 4107 3306 15
8338 2103 6571
8692 5416 3294 17
6932 3243 1286
2184 7148 3728 16
5693 6112 5588 1
7878 5089 6131
3126 4525 6782 10
7775 6178 741
4425 6590 17
8818 5508 5956 16
3157 8680 2325 156
4464 5485 4620
0461 6624 77
1739 2683 4124 1
3455 3155 2366
1053 6562 54
5804 5148 6330 1
3815 4388 1121 1622
0317 9762 3631 1
7880 5475 8058 18
1924 6840 8188 1
7975 8514 5423
7811 4118 772
1175 7272 1062 169
1103 1723 8542 127
4816 1328 6372
1471 4518 807
3470 3389 2932 1
4236 1637 5271 11
7468 4375 2417 1266
7751 2866 2167 1
1445 4887 0838 17
4264 2538 2444 18
1789 7346 1133
1967 1535 7483 16
3470 0223 7446 12
5852 2472 0207 1752
7243 1584 4148 1
8300 5030 2968 1
8075 9060 236
1933 5753 2177 17
2458 1242 0088 157
1683 9650 67
8224 2456 2753 1
5824 8562 5285 1103
1676 1711 733
6965 8547 3225 174
2881 3596 2160 1
3701 1526 1014 1
7363 4815 531
1025 2284 42
6886 8234 6882 1
5136 1133 7336
8725 6048 7019
3410 5163 160
3181 6257 9764 1
4312 2487 8648 120
7728 6682 667
4527 3916 37
6648 9297 132
1178 6195 8786 1595
2287 2434 2467
0784 1557 7343
7916 7326 2786 1
3693 5342 2846 1
7790 5668 14
8533 3912 020
5794 4888 6305 187
2496 5185 8513 1
3572 8222 4678 1655
5158 7253 2186 1774
0785 5755 7837 193
8368 2786 765
7140 5127 8515
2771 9554 7312 1
1315 4711 3826 12
6570 6639 4647 181
5847 3043 2714 118
8141 4143 117
7780 7382 191
1368 4558 6497
3657 5568 3312 1
4837 6152 1639 184
3684 4678 3172 12
2051 1815 6592 1
2258 6519 2021
7752 4275 8996
4548 9526 2892 1
8550 2776 3665 192
5561 2476 2456 1
9398 2485 428
6731 6212 2671 1
5258 7664 382
9658 7257 1840 16
2755 2948 9263
6583 0360 4362
3050 8764 593
0865 9814 6176
7284 7413 7181 172
8131 5314 1137
6320 8673 4071 1272
6423 9154 2511 1
5181 5688 755
3894 8811 2233 19
3570 6311 4176
3286 8022 1012
0345 2338 8164
1479 9532 750
4698 4445 6950 1
3943 4418 7361 10
8516 1183 6375
6793 5343 62
1882 5541 1185
1731 6465 6805
2454 8612 5097 156
2351 7511 8275 130
7869 8158 1464
5632 8139 3248 18
2642 9294 0455
2478 8646 1223
1437 7947 1795 1
7326 8714 3560 158
3004 5398 7571 1
8124 2682 901
2684 5371 1625 1
5815 0834 5544 1
4546 6370 166
1112 6497 2789 16
1685 9272 0848 1
6342 6466 3391
0375 7533 9993 10
9228 5630 6643 108
8472 7693 4316 1
7007 3772 8170 1
7689 4926 799
1035 4856 3264 16
5652 8443 2749
2474 9482 1412 17
8024 1153 8497 168
1412 3788 243
2541 2432 4522 1131
4636 4876 1513
2867 2835 1738 1
7635 7664 28
1477 5048 3530 1476
7745 4287 802
5922 5467 476
9024 3729 9066
6285 1684 644
6462 9911 12
9634 8843 8092 116
1733 8648 16
6557 5716 77
2543 4572 17
3816 2836 5557 1
6232 5372 8606
3123 2768 5049
6036 1747 0513 1
9452 5059 4946
6416 6275 6005 161
6870 4374 7312 1
4260 1303 6966 1706
5121 4417 1776 15
1748 5933 2095 1
6864 4627 3953 1
9939 2845 6732
5460 1932 4011 1624
0175 4151 3776 14
9744 0769 9094 1
7180 0647 2330
6049 5527 6452 13
3592 3855 2683 110
4479 6344 234
1355 8436 7018 1051
7453 4147 3657
5339 3095 3670 195
4291 1346 493
3746 2137 2878 1
2538 0447 923
5544 6275 8581 131
3712 4767 5286
5285 4662 1663 1
7544 8664 8583 10
2535 3643 01
7395 2363 6789 1
5443 7602 1270 1938
5428 7645 2368 1
9982 9625 2583
2337 5505 2371
5035 2812 861
3848 6685 6050 11
4112 6657 7312
2158 3938 17
6742 5618 6235 182
4188 8347 4819 13
3446 6486 9331 16
5604 8684 144
4880 7444 8177 114
1835 0824 685
2696 9183 3565 128
8471 3370 8228 1582
8733 9135 5642
0582 2588 4645
7260 5485 6440 13
9546 8040 1277 1
3465 7765 6411 1
9275 8655 8182 1
6471 4341 8765
7048 9764 4473 1
2852 8729 1282 121
3768 3710 8949
8103 7685 4121 1
6293 6303 0261 1
6278 4572 3827 1
2088 1410 6675 177
5213 4247 9342 1850
2968 9752 6655 19
5303 6912 721
9826 2716 8373 1
8337 2668 0433 1
5763 6093 1838 1577
1988 0545 5692 172
2218 5638 45
3179 8011 4656 1
8485 2288 6954 146
2862 0132 6734 1216
9656 1406 13
5080 9774 8584 139
9468 8352 0576 1
4272 3495 1433
1766 2931 654
5731 3263 355
3364 7541 9519 1
5561 0294 2454 1875
6096 5123 2361 1
8653 3414 1476 17
2188 3559 6675 10
4161 2682 065
8033 8185 0725
9258 9521 3506 13
3121 1396 0455 1
7156 7928 8303
7694 5587 4072 1128
0531 5280 9688 1
9936 2245 8544 1
6166 2229 7749 13
5466 1918 7194 19
1478 7541 8377 156
7825 3331 368
1697 8695 4813 1
6130 1889 3474
8302 2673 340
9137 8325 638
4688 6421 2768 1
0868 2332 3064
6610 4168 2084 1
2684 7510 1051 1569
2166 2798 034
8205 6556 5767 11
5987 5629 6156
9527 3447 4285 1
7401 7564 3418
5348 5719 7489 18
7824 1537 6554 1
4125 1286 2265 1
0577 9284 10
6457 7612 8410 1
7026 0795 1095 1
4226 5244 1041
2888 3398 6642 1
3283 5772 8664
1748 4458 6054 17
5226 0483 1349 1629
8015 8124 7861 1
6009 1636 2026 1
8753 6625 3266 1
8374 5781 4465 1
6466 5565 2772
0349 6771 2146 15
6332 5330 3021 174
6168 8789 2832
7203 4485 40
8662 8323 131
7175 6363 3555 13
0218 8288 6834 1
1059 4746 2552 1
3910 3683 5097 125
4260 5285 87
1244 2274 7374 153
5982 5156 5597 1686
7731 0094 8949 1
3044 4184 4654
2538 7304 2485
7863 1352 6531 19
2463 5679 5865 16
1046 3525 516
7089 1054 8722 1865
8538 5881 7781 1
4320 1057 8659
9285 0586 327
3776 7533 3176
3124 5251 6567 1
5513 9265 449
3795 1480 3144 1515
3767 4652 632
6224 7671 9241 1
9325 6981 674
4599 1732 7512 11
3833 6154 8857 16
6877 2156 7713 139
2885 1494 7143 187
4314 4771 2481 11
3691 5784 7187 1647
7773 1021 6386 1357
4533 9646 157
3695 1760 664
1855 5646 1833 1
6154 9698 221
2798 5414 5955 161
2857 9194 35
1272 5277 4142 157
2865 1935 5520 1
3733 8545 251
5231 4217 6287 1
3187 0875 5941 1
6479 4783 765
4126 7012 5416 1
6913 5251 4372 155
6468 5782 4363 15
2651 2362 7665 1
5231 1644 8741 13
8241 1147 4669 155
2283 5396 725
5796 3838 0634 152
7568 9959 724
3981 3281 1947 15
4258 0433 6373
4256 3582 8226
6927 5269 127
1432 7247 4335 17
1122 8316 6461 1568
4310 9148 7525 18
5124 3207 5057 1
4780 0052 9466 1
4661 7916 6521 157
7115 4695 5436 136
5724 8362 147
3956 4105 4463 1
3578 2168 1886
7814 4678 4349
5742 5913 2646 172
1806 9663 5021
5615 3145 6353 15
7387 3318 7484 1376
6338 9235 4513 18
2526 3857 2031 13
5363 3328 8932
2445 1209 0548 1
1861 3846 7228
9053 7748 0709 16
1043 4134 7992 171
1532 4002 8358 168
8222 7679 4013 174
3848 8720 7805 15
4063 6214 45
8365 3152 8762 145
8747 7321 7300 1
2244 5931 2531 14
1775 3759 5812 1
2131 2669 4920 1
1384 7941 8112
6317 4385 5937 1
2114 8287 4716 1
4218 4305 0896 1
1385 3541 6210 1
1824 3467 8061
4983 7232 9182 16
3854 2428 411
5933 8594 0672 1603
1531 5749 2566
7588 9042 3278 1
0867 1723 1923 18
3796 4138 3667 1226
3587 0397 4534 1083
7751 2282 566
8637 1251 111
0435 8224 6476 181
4220 8916 9873 1713
0176 1055 841
1203 3814 4787 11
6561 2731 77
2567 4861 4253 1382
1864 1957 8769 1
1548 8325 3494 1
2621 8186 8251
3352 1082 127
4818 7676 2275 1
2256 7664 2283 148
5158 1511 622
4151 0787 4291 182
8583 2375 3541
7550 8383 975
6112 5581 4814
6795 0445 1938 1
5252 8278 4474 1
2341 7764 5261 1817
7282 4417 7676 1613
8758 9303 017
8643 4543 1449 1650
8776 7776 1881 1
4238 3315 5593 121
7697 3235 7317 1
2351 3352 8844 137
6789 3481 2815
3660 9334 65
6774 1728 92
2651 4315 48
9748 1151 8572
7334 2527 7247 14
6198 6886 317
0415 4630 6051 15
4255 1666 2263 104
5373 1553 25
1586 1644 5743 1566
3362 3571 587
5706 7784 13
4298 5951 5109
6314 7243 3766
7807 5452 1172 16
1739 7975 8822 1
0485 7563 5365
2469 9320 5317 1
1000 3068 1645 1
4564 3841 3602 1615
3427 7572 8718 10
6527 1251 7573 174
1855 1220 33
7716 8801 4246 1565
6850 8427 1516 1
3246 3325 8181 149
7358 6783 5425 1
8232 3287 7684
9256 6282 2818 1
6743 4555 4727 1
6445 1225 02
4173 1617 2163 1
1194 3468 871
3586 3586 0462 1
8588 2754 847
2567 6474 6372 13
6368 7667 1120 1
3022 6496 1131
8605 8743 5527
4250 4408 3663 1112
